 150  11584.950
 145  18496.896
 140  20273.871
 135  21350.177
 130  22775.698
 125  23453.529
 120  24952.226
 115  24827.187
 110  25645.811
 105  25949.440
 100  25761.648
  95  26062.945
  90  26435.881
  85  26355.668
  80  26979.025
  75  27252.758
  70  27035.954
  65  28031.890
  60  27798.318
  55  28272.420
  50  29397.794
  45  29418.691
  40  30722.404
  35  32186.400
  30  34588.852
  25  37034.672
  20  41500.927
  15  46434.046
  10  54712.472
   5  67380.735
   0  89817.156
  -5 143413.830
 -10  34138.789
 -15   1461.969
 -20     70.852
 -25      0.998
 -30      0.000
 -35      0.000
 -40      0.000
 -45      0.000
 -50      0.000
