 150  22273.737
 145  33259.419
 140  34042.260
 135  33540.146
 130  34506.147
 125  35231.774
 120  36372.972
 115  36138.753
 110  36902.464
 105  37331.947
 100  37333.682
  95  37980.267
  90  39517.685
  85  40007.991
  80  40561.478
  75  41582.382
  70  42539.773
  65  44678.382
  60  45290.068
  55  46410.837
  50  49228.555
  45  50626.595
  40  54029.675
  35  58174.462
  30  63113.153
  25  68967.995
  20  78334.612
  15  89087.075
  10 106740.513
   5 131678.664
   0 176468.475
  -5 272027.842
 -10  71071.603
 -15  17639.433
 -20    955.006
 -25     91.809
 -30      1.996
 -35      0.000
 -40      0.000
 -45      0.000
 -50      0.000
