 150     26.944
 145     57.881
 140     59.876
 135     60.935
 130     94.899
 125     90.901
 120    118.872
 115    142.845
 110    156.675
 105    214.557
 100    281.417
  95    369.235
  90    582.785
  85    844.093
  80   1413.483
  75   2279.554
  70   3540.657
  65   5707.163
  60   8644.072
  55  12127.871
  50  16296.088
  45  19772.813
  40  23373.201
  35  26001.049
  30  27397.548
  25  28317.901
  20  29852.117
  15  30768.786
  10  33403.654
   5  37755.488
   0  48939.185
  -5  80591.364
 -10   3639.033
 -15      1.996
 -20      0.000
 -25      0.000
 -30      0.000
 -35      0.000
 -40      0.000
 -45      0.000
 -50      0.000
