 150  18119.366
 145  27288.731
 140  28014.813
 135  27902.200
 130  29113.906
 125  29241.244
 120  30197.628
 115  29977.474
 110  30732.261
 105  31152.701
 100  31212.359
  95  31829.985
  90  32392.494
  85  33293.210
  80  33777.756
  75  34375.081
  70  35037.333
  65  36308.732
  60  37363.508
  55  38187.875
  50  40285.126
  45  41257.103
  40  43754.576
  35  47363.132
  30  51543.642
  25  56210.688
  20  64541.142
  15  73776.029
  10  90530.150
   5 114845.337
   0 169412.011
  -5 280492.471
 -10  58362.385
 -15   8337.716
 -20    301.371
 -25     11.975
 -30      0.000
 -35      0.000
 -40      0.000
 -45      0.000
 -50      0.000
