 150  19994.471
 145  29575.016
 140  29947.798
 135  29920.045
 130  30304.635
 125  30695.665
 120  31318.427
 115  31487.836
 110  31920.796
 105  32188.563
 100  32682.315
  95  33163.219
  90  33749.666
  85  34457.958
  80  35142.292
  75  36195.126
  70  36743.793
  65  38649.879
  60  39318.454
  55  40882.292
  50  43394.652
  45  44882.555
  40  48311.741
  35  52488.627
  30  57572.167
  25  63213.074
  20  72495.644
  15  83564.601
  10 101323.753
   5 126128.185
   0 168521.845
  -5 247632.795
 -10  46466.352
 -15  10775.662
 -20    676.587
 -25     50.894
 -30      3.992
 -35      0.000
 -40      0.000
 -45      0.000
 -50      0.000
