 150  20209.026
 145  30269.584
 140  31835.845
 135  32454.306
 130  33304.431
 125  34026.116
 120  35454.992
 115  35490.386
 110  36599.130
 105  36884.833
 100  37347.616
  95  38642.855
  90  39552.572
  85  40352.621
  80  41326.656
  75  41837.067
  70  42912.043
  65  45044.622
  60  45595.435
  55  47327.937
  50  49394.211
  45  51238.373
  40  53653.020
  35  57900.815
  30  62616.750
  25  67224.702
  20  75758.952
  15  85855.819
  10 101526.232
   5 120609.509
   0 150797.357
  -5 214838.049
 -10  65573.590
 -15   5448.705
 -20    284.406
 -25     11.975
 -30      0.998
 -35      0.000
 -40      0.000
 -45      0.000
 -50      0.998
