 150   1488.908
 145   2940.945
 140   3887.925
 135   4970.686
 130   6468.099
 125   8293.993
 120  10324.921
 115  12118.936
 110  14793.319
 105  16962.988
 100  18475.718
  95  20403.703
  90  21808.551
  85  22924.356
  80  23622.629
  75  23853.405
  70  24134.944
  65  24866.427
  60  25001.123
  55  25068.059
  50  25423.095
  45  25181.522
  40  26133.273
  35  26659.341
  30  27705.217
  25  28980.460
  20  30405.968
  15  32107.991
  10  37301.562
   5  43934.846
   0  56634.390
  -5  84598.057
 -10  26915.662
 -15    280.419
 -20      2.994
 -25      0.000
 -30      0.000
 -35      0.000
 -40      0.000
 -45      0.000
 -50      0.000
