 150      0.000
 145      0.000
 140      0.000
 135      0.999
 130      0.999
 125      0.999
 120      0.000
 115      1.998
 110      3.992
 105      0.998
 100      2.994
  95      4.990
  90      4.990
  85      8.990
  80     11.987
  75     14.984
  70     15.967
  65     29.938
  60     51.892
  55     51.892
  50     86.819
  45    136.715
  40    216.770
  35    506.456
  30   1333.566
  25   3426.848
  20   8070.270
  15  14980.735
  10  22581.122
   5  27490.562
   0  33739.497
  -5  49397.897
 -10      2.997
 -15      0.000
 -20      0.000
 -25      0.000
 -30      0.000
 -35      0.000
 -40      0.000
 -45      0.000
 -50      0.000
