 150  26468.026
 145  38293.040
 140  38765.445
 135  38440.907
 130  39743.554
 125  39742.879
 120  40620.414
 115  40993.481
 110  42152.576
 105  42313.665
 100  42853.251
  95  43970.848
  90  44721.844
  85  46025.523
  80  47636.886
  75  49068.350
  70  50583.091
  65  52891.356
  60  54866.207
  55  58007.808
  50  61868.252
  45  65212.228
  40  70598.095
  35  77909.248
  30  86235.297
  25  97066.326
  20 112472.844
  15 133367.662
  10 169157.997
   5 228411.072
   0 340788.975
  -5 667819.762
 -10 250572.127
 -15 132267.809
 -20 100654.833
 -25  23534.096
 -30   4776.090
 -35   1149.600
 -40    199.586
 -45     42.911
 -50     13.971
