 150  29324.065
 145  43147.986
 140  43850.878
 135  44012.906
 130  45650.291
 125  46450.601
 120  47789.722
 115  48691.877
 110  49255.893
 105  50023.701
 100  50652.100
  95  52069.061
  90  53339.840
  85  54835.052
  80  56664.199
  75  58136.619
  70  60201.143
  65  63372.692
  60  65638.865
  55  67685.755
  50  72135.813
  45  75553.848
  40  80084.031
  35  87371.076
  30  95334.515
  25 103885.192
  20 116602.283
  15 130348.094
  10 155857.440
   5 195438.764
   0 279016.946
  -5 432212.803
 -10 211100.112
 -15  63009.382
 -20  13346.147
 -25   1636.601
 -30    185.615
 -35     21.954
 -40      6.985
 -45      1.996
 -50      0.000
