 150  19285.943
 145  28001.261
 140  28618.531
 135  28552.477
 130  29050.974
 125  29556.931
 120  30315.471
 115  30345.045
 110  31130.435
 105  31154.697
 100  31378.016
  95  32053.553
  90  32665.957
  85  33865.594
  80  34225.276
  75  35292.132
  70  36296.721
  65  37558.142
  60  38963.190
  55  39766.604
  50  42436.689
  45  44588.167
  40  46944.192
  35  51423.720
  30  56026.771
  25  61515.556
  20  69891.116
  15  80787.397
  10  96437.891
   5 118020.703
   0 156129.373
  -5 233786.913
 -10  62931.468
 -15  21639.142
 -20    888.146
 -25     83.826
 -30      7.983
 -35      0.000
 -40      0.000
 -45      0.998
 -50      0.000
