 150  22355.567
 145  32831.302
 140  33831.698
 135  33788.880
 130  34714.924
 125  35365.664
 120  36054.350
 115  36227.584
 110  37221.839
 105  37349.873
 100  38100.057
  95  39170.760
  90  40188.248
  85  41183.727
  80  42016.916
  75  43360.431
  70  44507.735
  65  46768.050
  60  48479.454
  55  50200.984
  50  53221.247
  45  56309.819
  40  59927.357
  35  65292.875
  30  71573.130
  25  79081.956
  20  89128.237
  15 101847.444
  10 120603.627
   5 146710.949
   0 190637.287
  -5 289847.414
 -10  65981.147
 -15  31309.096
 -20   2032.758
 -25    293.391
 -30     29.938
 -35      2.994
 -40      0.000
 -45      0.000
 -50      0.000
