 150  28021.771
 145  41058.297
 140  41597.560
 135  41598.490
 130  42542.607
 125  43108.228
 120  43893.902
 115  44585.357
 110  45872.905
 105  46094.814
 100  46669.348
  95  47446.643
  90  48630.654
  85  49468.821
  80  50769.524
  75  52089.108
  70  53098.873
  65  55900.175
  60  57357.041
  55  59558.595
  50  62753.348
  45  65395.976
  40  69786.956
  35  75646.680
  30  83280.473
  25  90951.185
  20 104035.335
  15 119799.099
  10 150746.051
   5 204992.151
   0 316019.683
  -5 491470.161
 -10  80282.572
 -15  14325.304
 -20   1019.872
 -25     66.861
 -30      1.996
 -35      1.996
 -40      1.996
 -45      0.998
 -50      0.000
