 150      0.998
 145      1.996
 140      0.998
 135      4.995
 130      4.995
 125      5.993
 120      9.989
 115     14.984
 110     19.959
 105     20.957
 100     29.938
  95     26.944
  90     35.925
  85     53.942
  80     67.927
  75    104.887
  70    120.750
  65    157.673
  60    225.532
  55    406.158
  50    807.319
  45   1499.877
  40   3173.633
  35   6224.315
  30  10737.468
  25  16688.172
  20  22109.146
  15  26142.441
  10  29197.415
   5  31606.144
   0  36899.986
  -5  53492.496
 -10   1414.458
 -15      0.000
 -20      0.000
 -25      0.000
 -30      0.000
 -35      0.000
 -40      0.000
 -45      0.000
 -50      0.000
