 150      0.000
 145      0.998
 140      2.994
 135      1.998
 130      2.997
 125      7.991
 120      9.989
 115     15.983
 110     15.967
 105     25.946
 100     28.940
  95     40.915
  90     39.917
  85     51.944
  80     75.918
  75     73.921
  70    104.783
  65    160.667
  60    216.551
  55    368.237
  50    661.623
  45   1309.271
  40   2757.075
  35   5871.688
  30  10786.415
  25  16973.559
  20  22383.576
  15  25905.908
  10  28309.258
   5  30482.450
   0  36422.043
  -5  56408.361
 -10     73.919
 -15      0.998
 -20      0.000
 -25      0.000
 -30      0.000
 -35      0.000
 -40      0.000
 -45      0.000
 -50      0.000
