 150     29.938
 145     46.903
 140     56.882
 135     53.942
 130     67.928
 125     65.928
 120     88.905
 115    102.889
 110    143.702
 105    152.685
 100    203.578
  95    270.439
  90    418.129
  85    576.381
  80    957.972
  75   1541.346
  70   2768.259
  65   4417.837
  60   7027.425
  55  10230.802
  50  14647.519
  45  18366.742
  40  22386.248
  35  25080.039
  30  27451.490
  25  28731.038
  20  30216.361
  15  31733.772
  10  34233.930
   5  39063.802
   0  48601.880
  -5  73672.802
 -10   6340.089
 -15      1.996
 -20      0.000
 -25      0.000
 -30      0.000
 -35      0.000
 -40      0.000
 -45      0.000
 -50      0.000
