 150      2.994
 145      2.994
 140      7.983
 135      8.990
 130      9.989
 125     14.984
 120     18.980
 115     17.981
 110     18.961
 105     26.944
 100     41.913
  95     59.876
  90     68.857
  85     74.920
  80     95.897
  75    138.851
  70    161.665
  65    286.406
  60    486.990
  55    844.251
  50   1621.625
  45   3161.415
  40   6049.581
  35  10243.988
  30  16118.672
  25  21336.471
  20  25959.187
  15  27934.700
  10  29857.017
   5  32464.351
   0  39628.366
  -5  63634.593
 -10     80.912
 -15      0.000
 -20      0.000
 -25      0.000
 -30      0.000
 -35      0.000
 -40      0.000
 -45      0.000
 -50      0.000
