 150    141.706
 145    214.558
 140    294.389
 135    407.564
 130    548.415
 125    768.166
 120   1107.811
 115   1603.272
 110   2365.095
 105   3290.209
 100   4732.195
  95   6533.456
  90   8703.861
  85  11284.869
  80  14469.460
  75  17013.744
  70  19564.423
  65  21489.431
  60  22754.784
  55  23000.343
  50  24002.052
  45  24242.479
  40  24611.887
  35  25142.971
  30  25922.134
  25  26652.323
  20  27861.244
  15  29464.508
  10  32836.831
   5  38253.504
   0  48753.616
  -5  72583.972
 -10  24342.467
 -15     40.915
 -20      0.000
 -25      0.000
 -30      0.000
 -35      0.000
 -40      0.000
 -45      0.000
 -50      0.000
