 150   9444.384
 145  16093.815
 140  18878.770
 135  21859.632
 130  24626.699
 125  27017.713
 120  29766.091
 115  31531.694
 110  32674.266
 105  33602.611
 100  34168.203
  95  35199.995
  90  36073.822
  85  36614.639
  80  37460.805
  75  38190.983
  70  39000.153
  65  40328.399
  60  41138.678
  55  42544.847
  50  44158.107
  45  45034.284
  40  47653.392
  35  50410.859
  30  53567.469
  25  58339.246
  20  64963.331
  15  73522.558
  10  88250.791
   5 105766.966
   0 136073.688
  -5 209639.637
 -10  42273.964
 -15    722.502
 -20     15.967
 -25      0.000
 -30      0.998
 -35      0.000
 -40      0.000
 -45      0.000
 -50      0.000
