 150  17106.470
 145  26315.737
 140  28226.346
 135  29531.431
 130  30484.443
 125  31738.564
 120  32584.037
 115  33277.794
 110  34110.255
 105  34688.403
 100  35067.375
  95  36130.102
  90  37127.626
  85  38536.612
  80  38961.195
  75  39928.157
  70  41173.606
  65  42863.145
  60  44104.527
  55  45932.827
  50  47638.816
  45  49738.445
  40  52187.629
  35  56395.375
  30  60639.873
  25  66456.306
  20  75030.387
  15  85740.060
  10 103455.330
   5 128650.010
   0 180531.106
  -5 296324.451
 -10  41422.890
 -15   1170.575
 -20     43.908
 -25      0.998
 -30      0.000
 -35      1.996
 -40      0.000
 -45      0.000
 -50      0.000
