 150      0.998
 145      3.992
 140      9.979
 135      6.993
 130     14.984
 125     23.974
 120     25.972
 115     38.958
 110     31.934
 105     56.883
 100     66.862
  95     73.847
  90     65.863
  85     97.895
  80    108.883
  75    151.837
  70    238.505
  65    277.425
  60    438.091
  55    773.398
  50   1577.717
  45   2944.866
  40   5905.734
  35  10281.947
  30  16203.581
  25  21724.661
  20  25916.276
  15  28353.826
  10  30933.781
   5  34086.021
   0  43910.544
  -5  77048.173
 -10     48.947
 -15      0.000
 -20      0.000
 -25      0.000
 -30      0.000
 -35      0.000
 -40      0.000
 -45      0.000
 -50      0.000
