 150   9325.631
 145  15915.183
 140  18608.350
 135  20866.714
 130  23483.919
 125  25974.791
 120  28506.441
 115  29804.662
 110  31278.129
 105  31599.778
 100  32203.307
  95  33049.455
  90  33949.250
  85  34008.441
  80  34223.278
  75  34863.557
  70  35245.900
  65  36192.972
  60  36102.124
  55  36591.183
  50  37519.884
  45  37920.050
  40  39170.440
  35  41129.827
  30  43493.288
  25  45366.320
  20  50095.103
  15  54821.587
  10  65711.648
   5  78734.437
   0 104626.469
  -5 160413.555
 -10  52364.922
 -15   2058.732
 -20     45.904
 -25      0.998
 -30      0.000
 -35      0.000
 -40      0.000
 -45      0.000
 -50      0.998
