 150  16297.151
 145  24966.519
 140  25947.082
 135  25511.728
 130  26141.081
 125  26882.859
 120  27871.122
 115  27349.244
 110  28197.546
 105  29317.459
 100  29925.993
  95  30764.195
  90  31423.513
  85  32132.458
  80  32548.076
  75  33214.328
  70  33932.658
  65  34121.267
  60  35022.364
  55  35524.393
  50  36738.547
  45  37542.873
  40  38812.781
  35  39914.132
  30  41841.063
  25  42785.706
  20  45784.090
  15  47187.520
  10  51118.877
   5  55770.559
   0  64075.005
  -5  79702.320
 -10  30214.097
 -15   3151.467
 -20    468.023
 -25    143.702
 -30     63.867
 -35     32.931
 -40     33.930
 -45     24.949
 -50     28.940
