 150    394.182
 145    716.524
 140    977.968
 135   1321.587
 130   1786.094
 125   2560.220
 120   3581.157
 115   4852.759
 110   6776.945
 105   8947.532
 100  11570.038
  95  14470.987
  90  17114.317
  85  20161.327
  80  22405.936
  75  24167.069
  70  25248.660
  65  26842.356
  60  26985.006
  55  27207.626
  50  27979.746
  45  27991.665
  40  28078.209
  35  29143.671
  30  29994.786
  25  30774.742
  20  32839.890
  15  35340.210
  10  41099.718
   5  49317.800
   0  66710.709
  -5 108069.825
 -10  16780.709
 -15     47.901
 -20      0.000
 -25      0.000
 -30      0.000
 -35      0.000
 -40      0.000
 -45      0.000
 -50      0.000
