 150  21585.168
 145  31807.413
 140  32307.864
 135  32187.591
 130  32352.448
 125  32307.946
 120  33409.152
 115  33211.932
 110  33664.180
 105  33765.308
 100  33929.732
  95  34139.229
  90  34951.197
  85  35381.964
  80  35928.449
  75  36059.308
  70  36991.280
  65  38131.952
  60  39341.406
  55  39776.583
  50  41535.564
  45  42723.051
  40  45021.232
  35  48410.958
  30  52281.797
  25  57254.453
  20  64537.214
  15  72321.066
  10  87391.662
   5 108236.790
   0 150196.595
  -5 234224.443
 -10  86801.473
 -15  35088.262
 -20   1664.524
 -25    175.635
 -30     14.969
 -35      2.994
 -40      0.000
 -45      0.000
 -50      1.996
