 150  20813.770
 145  30441.230
 140  31296.965
 135  31473.355
 130  32064.755
 125  32849.358
 120  34200.303
 115  34334.644
 110  35395.590
 105  36115.458
 100  36822.740
  95  37780.681
  90  38719.309
  85  39766.291
  80  41294.691
  75  42467.432
  70  43887.976
  65  45989.663
  60  47880.695
  55  49564.303
  50  52217.284
  45  54098.367
  40  57716.763
  35  62546.762
  30  68334.609
  25  74603.303
  20  84677.379
  15  95351.002
  10 115269.815
   5 145450.536
   0 205353.971
  -5 314686.712
 -10  87940.233
 -15  17721.282
 -20    760.413
 -25     49.896
 -30      7.983
 -35      0.000
 -40      0.000
 -45      0.000
 -50      0.000
