 150     72.849
 145    121.749
 140    132.724
 135    151.838
 130    211.774
 125    232.747
 120    288.691
 115    377.590
 110    474.017
 105    580.801
 100    926.082
  95   1357.185
  90   2107.608
  85   3332.418
  80   4967.670
  75   7298.162
  70  10664.881
  65  14421.105
  60  18532.563
  55  22052.308
  50  25454.005
  45  27538.665
  40  29534.664
  35  30687.042
  30  31512.156
  25  32720.712
  20  35102.198
  15  36914.958
  10  41444.004
   5  48536.403
   0  63543.101
  -5  99687.836
 -10  24883.877
 -15     12.973
 -20      0.000
 -25      0.000
 -30      0.000
 -35      0.000
 -40      0.000
 -45      0.000
 -50      0.000
