 150    176.633
 145    269.445
 140    399.171
 135    497.468
 130    626.332
 125    912.010
 120   1371.528
 115   1860.986
 110   2713.372
 105   3891.967
 100   5505.598
  95   7856.713
  90  10505.107
  85  13369.641
  80  16789.984
  75  19922.623
  70  22631.063
  65  24444.303
  60  25699.699
  55  26542.005
  50  27516.738
  45  27637.431
  40  28306.966
  35  29328.472
  30  30506.206
  25  31454.355
  20  33442.673
  15  36266.312
  10  42609.543
   5  52722.760
   0  74290.961
  -5 130439.777
 -10   9996.104
 -15     17.963
 -20      0.000
 -25      0.000
 -30      0.000
 -35      0.000
 -40      0.000
 -45      0.000
 -50      0.000
