 150  22828.585
 145  33635.643
 140  34330.695
 135  34037.648
 130  35098.515
 125  34932.064
 120  35604.832
 115  35780.179
 110  36819.636
 105  36949.736
 100  37193.971
  95  37671.869
  90  38212.365
  85  38728.367
  80  39803.291
  75  40334.681
  70  41468.993
  65  42873.124
  60  43781.198
  55  45851.995
  50  47487.132
  45  49234.494
  40  52811.967
  35  56775.024
  30  61865.556
  25  68062.953
  20  76919.469
  15  87469.451
  10 101950.453
   5 119126.552
   0 146277.668
  -5 208880.454
 -10  53344.854
 -15  12925.206
 -20    854.216
 -25     53.888
 -30      4.990
 -35      0.000
 -40      0.000
 -45      0.000
 -50      0.998
