 150  17046.594
 145  26006.375
 140  27493.895
 135  27769.342
 130  28785.257
 125  29671.776
 120  30240.582
 115  30586.813
 110  30943.823
 105  31168.668
 100  31292.194
  95  32020.589
  90  32293.700
  85  32703.843
  80  33198.378
  75  33876.617
  70  34156.160
  65  35220.987
  60  35973.391
  55  36302.781
  50  38331.194
  45  38503.835
  40  40470.061
  35  43074.738
  30  45943.657
  25  49580.525
  20  54937.061
  15  61384.890
  10  73129.257
   5  87993.437
   0 112429.395
  -5 172125.965
 -10  41272.014
 -15   1957.941
 -20     75.842
 -25      5.988
 -30      0.000
 -35      0.000
 -40      0.000
 -45      0.000
 -50      0.000
