 150      1.996
 145     13.971
 140      4.990
 135     13.985
 130     13.985
 125     28.969
 120     29.968
 115     51.944
 110     57.880
 105     50.895
 100     63.868
  95     87.818
  90    101.788
  85    104.887
  80    166.821
  75    239.743
  70    331.313
  65    604.746
  60   1010.903
  55   1935.989
  50   3752.192
  45   6430.605
  40  10672.676
  35  15729.091
  30  20666.783
  25  24257.375
  20  27168.679
  15  28330.873
  10  31523.557
   5  35262.606
   0  45137.018
  -5  75638.688
 -10    118.870
 -15      0.000
 -20      0.000
 -25      0.000
 -30      0.000
 -35      0.000
 -40      0.000
 -45      0.000
 -50      0.000
