 150    417.134
 145    798.355
 140   1060.796
 135   1440.460
 130   1959.909
 125   2624.150
 120   3541.200
 115   4796.819
 110   6528.460
 105   8356.752
 100  10774.686
  95  13028.978
  90  16142.343
  85  18510.102
  80  20920.531
  75  22813.521
  70  24345.532
  65  25994.114
  60  26246.538
  55  27101.845
  50  27544.652
  45  27778.110
  40  28787.457
  35  29832.930
  30  31206.484
  25  32997.102
  20  35859.627
  15  39492.540
  10  47555.323
   5  59599.701
   0  85973.067
  -5 151190.470
 -10  22187.815
 -15    177.632
 -20      0.000
 -25      0.000
 -30      0.000
 -35      0.000
 -40      0.000
 -45      0.000
 -50      0.998
