 150   2437.936
 145   4577.575
 140   5765.026
 135   7145.362
 130   9275.103
 125  11058.990
 120  13308.720
 115  14957.875
 110  17140.451
 105  18720.361
 100  19972.617
  95  20845.787
  90  21862.439
  85  22311.016
  80  22753.563
  75  22815.519
  70  22824.662
  65  23501.258
  60  23572.088
  55  23498.311
  50  24071.906
  45  24158.653
  40  24603.895
  35  25252.853
  30  26023.025
  25  26436.774
  20  27888.188
  15  29233.989
  10  32505.519
   5  36547.006
   0  44870.611
  -5  66848.138
 -10  27112.447
 -15    545.868
 -20      8.981
 -25      0.000
 -30      0.000
 -35      0.000
 -40      0.000
 -45      0.000
 -50      0.000
