 150    386.198
 145    730.495
 140    971.980
 135   1301.609
 130   1831.046
 125   2616.159
 120   3495.250
 115   4904.703
 110   6676.154
 105   8732.975
 100  11221.760
  95  13935.099
  90  16753.070
  85  19724.796
  80  21944.432
  75  23370.923
  70  24510.190
  65  25988.127
  60  26032.982
  55  26468.158
  50  26717.374
  45  27070.585
  40  27501.821
  35  28337.537
  30  29858.932
  25  30825.636
  20  32908.747
  15  35746.362
  10  41914.028
   5  50499.375
   0  68673.670
  -5 104432.735
 -10  27818.678
 -15    119.752
 -20      0.998
 -25      0.000
 -30      0.000
 -35      0.000
 -40      0.000
 -45      0.000
 -50      0.000
