 150  16464.803
 145  25396.632
 140  26766.406
 135  27252.894
 130  27942.158
 125  28621.917
 120  29541.332
 115  29798.668
 110  29830.132
 105  30121.829
 100  30781.252
  95  30903.905
  90  31770.790
  85  32024.574
  80  32682.931
  75  33216.326
  70  34167.137
  65  34977.492
  60  35579.209
  55  36094.213
  50  37849.198
  45  39228.327
  40  41187.300
  35  43827.929
  30  47790.673
  25  51900.683
  20  58540.587
  15  67711.686
  10  82698.401
   5 104775.002
   0 145703.850
  -5 221914.442
 -10  51125.273
 -15   4412.852
 -20    166.652
 -25     15.967
 -30      0.998
 -35      0.000
 -40      0.000
 -45      0.000
 -50      0.000
