 150  23737.697
 145  35034.758
 140  35646.926
 135  35448.106
 130  36247.288
 125  36224.696
 120  36902.404
 115  36903.922
 110  37884.428
 105  37935.701
 100  38123.047
  95  39144.853
  90  38834.109
  85  39920.086
  80  40813.207
  75  41245.743
  70  42395.073
  65  43566.686
  60  44569.563
  55  45877.941
  50  48856.330
  45  50444.974
  40  54108.591
  35  58215.418
  30  64030.168
  25  70103.624
  20  78659.938
  15  89863.455
  10 109120.575
   5 138527.603
   0 196699.798
  -5 319516.839
 -10  76704.469
 -15  23883.490
 -20   1114.673
 -25     72.849
 -30      0.998
 -35      1.996
 -40      0.000
 -45      0.998
 -50      0.000
