 150     36.923
 145     63.868
 140     61.871
 135     76.918
 130     95.898
 125     99.892
 120    130.860
 115    151.836
 110    226.530
 105    290.401
 100    352.270
  95    561.835
  90    830.269
  85   1326.574
  80   2080.765
  75   3325.432
  70   5230.158
  65   7993.430
  60  11388.369
  55  15288.323
  50  19286.845
  45  22146.846
  40  24597.902
  35  26496.516
  30  27203.783
  25  27593.385
  20  29084.678
  15  30106.138
  10  33407.679
   5  39294.368
   0  53237.437
  -5  89087.231
 -10    717.218
 -15      0.998
 -20      0.000
 -25      0.000
 -30      0.000
 -35      0.000
 -40      0.000
 -45      0.000
 -50      0.000
