 150    154.679
 145    291.400
 140    321.332
 135    404.568
 130    523.441
 125    761.173
 120    949.981
 115   1445.439
 110   2148.544
 105   3015.775
 100   4324.045
  95   6064.422
  90   8314.664
  85  11034.138
  80  14366.570
  75  17517.204
  70  20164.200
  65  23039.240
  60  24643.864
  55  25530.102
  50  26846.106
  45  26939.857
  40  27730.578
  35  28540.319
  30  29258.576
  25  30255.826
  20  32368.867
  15  35328.235
  10  40557.842
   5  49435.558
   0  67102.902
  -5 103744.475
 -10   8435.805
 -15     19.959
 -20      0.000
 -25      0.000
 -30      0.000
 -35      0.000
 -40      0.000
 -45      0.000
 -50      0.000
