 150  17982.650
 145  26720.902
 140  27968.881
 135  28777.237
 130  29387.614
 125  30291.134
 120  31535.163
 115  32069.109
 110  32963.633
 105  33537.778
 100  34399.758
  95  35355.708
  90  36826.254
  85  37668.544
  80  38512.676
  75  39564.547
  70  41484.960
  65  43401.030
  60  44983.704
  55  46445.764
  50  49537.862
  45  51238.322
  40  55037.605
  35  59204.355
  30  64412.821
  25  70124.650
  20  79121.901
  15  89136.971
  10 107803.308
   5 133767.509
   0 187404.946
  -5 285101.516
 -10  80451.388
 -15  10904.406
 -20    496.963
 -25     27.942
 -30      3.992
 -35      0.000
 -40      0.000
 -45      0.000
 -50      0.998
