 150    602.748
 145   1219.489
 140   1724.418
 135   2328.511
 130   3286.493
 125   4468.148
 120   6150.401
 115   7800.591
 110  10386.458
 105  12769.643
 100  15108.695
  95  17585.545
  90  19778.781
  85  21609.769
  80  22766.549
  75  23365.928
  70  23851.532
  65  24651.872
  60  24856.423
  55  24922.361
  50  25268.416
  45  25048.798
  40  25959.457
  35  26519.492
  30  27587.344
  25  28840.752
  20  30329.128
  15  32182.834
  10  37542.063
   5  44603.474
   0  57958.663
  -5  88910.421
 -10  20467.690
 -15      9.979
 -20      0.000
 -25      0.000
 -30      0.000
 -35      0.000
 -40      0.000
 -45      0.000
 -50      0.000
