 150  19088.353
 145  28426.385
 140  29380.946
 135  29737.211
 130  30401.531
 125  31181.168
 120  31878.794
 115  32678.511
 110  33116.317
 105  34040.740
 100  34332.897
  95  35290.842
  90  36041.925
  85  37505.681
  80  37986.241
  75  39056.093
  70  40489.026
  65  41885.172
  60  43175.454
  55  44075.675
  50  46901.398
  45  48147.756
  40  50720.186
  35  54451.465
  30  59596.933
  25  65101.069
  20  73017.634
  15  83534.663
  10 101007.410
   5 126705.873
   0 182833.363
  -5 303339.214
 -10  77681.405
 -15  12071.975
 -20    459.042
 -25     29.938
 -30      2.994
 -35      0.000
 -40      1.996
 -45      0.000
 -50      0.000
