 150  20574.267
 145  30242.640
 140  30945.695
 135  30508.387
 130  31545.310
 125  31267.075
 120  32263.381
 115  32244.982
 110  32576.436
 105  32465.990
 100  33271.096
  95  33162.255
  90  33645.916
  85  33870.589
  80  34228.273
  75  34775.686
  70  35675.010
  65  36855.598
  60  37287.665
  55  38359.519
  50  39950.862
  45  41256.105
  40  43757.573
  35  47022.451
  30  51047.124
  25  55793.503
  20  63713.921
  15  72807.052
  10  88683.981
   5 112712.601
   0 159392.651
  -5 266343.947
 -10  45158.822
 -15   3386.979
 -20    163.658
 -25      6.985
 -30      0.998
 -35      0.000
 -40      0.000
 -45      0.000
 -50      0.000
