 150      0.000
 145      0.998
 140      0.000
 135      0.000
 130      0.000
 125      0.999
 120      0.999
 115      2.997
 110      0.998
 105      0.998
 100      1.996
  95      3.992
  90      4.990
  85      0.999
  80     11.987
  75     19.979
  70     20.957
  65     30.936
  60     41.913
  55     56.882
  50     77.838
  45    146.694
  40    301.680
  35    706.241
  30   1756.112
  25   4213.207
  20   9227.871
  15  15827.967
  10  23328.570
   5  27110.342
   0  31491.128
  -5  45595.984
 -10      1.998
 -15      0.000
 -20      0.000
 -25      0.000
 -30      0.000
 -35      0.000
 -40      0.000
 -45      0.000
 -50      0.000
