 150     23.950
 145     29.938
 140     32.932
 135     35.962
 130     60.935
 125     58.936
 120     67.927
 115     87.905
 110     97.797
 105    113.765
 100    143.702
  95    183.619
  90    249.480
  85    409.560
  80    611.343
  75   1009.916
  70   1672.533
  65   3128.515
  60   5173.265
  55   8001.421
  50  11962.095
  45  16194.251
  40  19824.966
  35  22613.690
  30  24333.865
  25  25196.390
  20  26173.716
  15  27527.523
  10  29497.792
   5  34435.339
   0  49062.030
  -5 109595.185
 -10    111.878
 -15      0.000
 -20      0.000
 -25      0.000
 -30      0.000
 -35      0.000
 -40      0.000
 -45      0.000
 -50      0.000
