 150  22415.443
 145  33765.376
 140  34216.897
 135  34239.398
 130  35163.445
 125  35844.109
 120  36454.884
 115  36541.243
 110  37652.908
 105  37844.888
 100  38362.551
  95  39134.873
  90  39811.034
  85  40737.248
  80  41382.596
  75  41980.954
  70  43132.543
  65  44787.156
  60  45254.143
  55  46995.625
  50  49524.889
  45  50919.985
  40  53545.189
  35  57527.158
  30  62069.338
  25  67405.325
  20  75559.290
  15  84835.947
  10 100066.362
   5 117180.546
   0 143655.071
  -5 193943.511
 -10  85928.424
 -15  18969.695
 -20    810.309
 -25     65.863
 -30      1.996
 -35      0.000
 -40      0.000
 -45      0.000
 -50      0.000
