 150  16775.158
 145  25633.144
 140  27077.759
 135  27529.598
 130  28777.266
 125  29368.106
 120  30313.504
 115  30454.956
 110  31053.595
 105  30894.234
 100  30959.882
  95  31838.966
  90  31695.946
  85  32366.206
  80  32858.743
  75  33331.202
  70  34099.278
  65  35020.403
  60  35451.474
  55  36211.969
  50  37824.250
  45  38595.644
  40  39959.603
  35  42599.248
  30  45945.654
  25  49624.434
  20  55862.142
  15  63818.810
  10  76553.152
   5  97445.043
   0 136839.111
  -5 221093.325
 -10  64550.640
 -15   7126.227
 -20    247.483
 -25     12.973
 -30      0.000
 -35      0.000
 -40      0.000
 -45      0.000
 -50      0.000
