 150    796.347
 145   1518.871
 140   2124.585
 135   2943.853
 130   3883.856
 125   4990.580
 120   6722.786
 115   8793.503
 110  11126.923
 105  13445.249
 100  16225.397
  95  18556.514
  90  20788.656
  85  22580.726
  80  24186.024
  75  24843.343
  70  25795.526
  65  26550.960
  60  26742.509
  55  27073.903
  50  27750.224
  45  27614.451
  40  28587.668
  35  29586.195
  30  30798.922
  25  32346.461
  20  35819.710
  15  39340.856
  10  47143.178
   5  61120.581
   0  94078.387
  -5 173823.140
 -10  29122.257
 -15    211.561
 -20      1.996
 -25      0.000
 -30      0.000
 -35      0.000
 -40      0.000
 -45      0.000
 -50      0.000
