 150      0.000
 145      0.000
 140      0.000
 135      0.000
 130      0.000
 125      0.000
 120      0.000
 115      0.000
 110      0.000
 105      0.998
 100      0.998
  95      3.992
  90      0.998
  85      3.996
  80      7.991
  75      8.990
  70     15.967
  65     28.940
  60     28.940
  55     34.928
  50     68.857
  45     87.817
  40    179.809
  35    369.603
  30    937.992
  25   2723.316
  20   6834.831
  15  14170.426
  10  22766.736
   5  27778.970
   0  32285.492
  -5  46609.894
 -10      0.000
 -15      0.000
 -20      0.000
 -25      0.000
 -30      0.000
 -35      0.000
 -40      0.000
 -45      0.000
 -50      0.000
