 150      7.983
 145     23.951
 140     23.950
 135     34.963
 130     51.945
 125     53.941
 120     73.921
 115     76.917
 110     97.797
 105    109.773
 100    141.707
  95    162.663
  90    256.465
  85    357.616
  80    534.426
  75    843.095
  70   1496.897
  65   2672.460
  60   4666.317
  55   7445.573
  50  11504.049
  45  15593.503
  40  20227.539
  35  24076.118
  30  26467.574
  25  27704.154
  20  29347.134
  15  30163.020
  10  32610.334
   5  36531.038
   0  46835.612
  -5  76690.558
 -10    367.599
 -15      0.000
 -20      0.000
 -25      0.000
 -30      0.000
 -35      0.000
 -40      0.000
 -45      0.000
 -50      0.000
