 150      0.000
 145      0.000
 140      1.996
 135      0.000
 130      1.998
 125      0.999
 120      0.000
 115      0.999
 110      0.998
 105      1.996
 100      3.992
  95      9.979
  90      5.988
  85     13.985
  80     21.976
  75     24.973
  70     39.917
  65     48.899
  60     90.812
  55     90.812
  50    141.705
  45    239.501
  40    460.511
  35   1180.731
  30   2687.111
  25   6256.942
  20  12210.687
  15  19000.346
  10  24854.402
   5  28296.906
   0  33276.451
  -5  47537.897
 -10     19.978
 -15      0.000
 -20      0.000
 -25      0.000
 -30      0.000
 -35      0.000
 -40      0.000
 -45      0.000
 -50      0.000
