 150  20515.390
 145  30958.164
 140  31901.740
 135  32225.583
 130  33040.713
 125  33165.982
 120  34449.071
 115  34443.629
 110  35409.561
 105  35243.258
 100  35763.933
  95  36137.052
  90  37195.485
  85  37608.571
  80  38132.084
  75  38934.185
  70  39801.452
  65  41147.701
  60  41894.112
  55  43322.236
  50  45346.588
  45  46491.205
  40  48740.287
  35  52689.412
  30  56730.072
  25  62139.315
  20  69201.476
  15  79481.123
  10  93444.103
   5 111729.731
   0 137964.793
  -5 190510.202
 -10  50195.287
 -15   4226.239
 -20    224.531
 -25     10.977
 -30      0.000
 -35      1.996
 -40      0.000
 -45      0.000
 -50      0.000
