 150   6329.853
 145  11738.795
 140  14258.371
 135  16773.070
 130  20269.352
 125  23489.537
 120  27202.839
 115  29512.890
 110  32045.570
 105  33465.893
 100  34607.294
  95  36115.097
  90  36604.716
  85  37223.984
  80  37826.412
  75  38230.940
  70  39503.110
  65  40248.565
  60  41132.691
  55  41348.326
  50  43014.487
  45  43555.361
  40  45019.190
  35  47623.852
  30  50421.847
  25  53766.789
  20  59167.346
  15  66518.177
  10  79576.799
   5  97969.966
   0 135346.187
  -5 229338.461
 -10  51115.335
 -15    995.935
 -20     19.958
 -25      0.000
 -30      0.000
 -35      0.000
 -40      0.000
 -45      0.000
 -50      0.000
