 150   2394.030
 145   4475.780
 140   5850.842
 135   7166.339
 130   9119.270
 125  11186.851
 120  13567.442
 115  15851.880
 110  18512.605
 105  20090.533
 100  21683.094
  95  22997.304
  90  24301.332
  85  24950.179
  80  25749.345
  75  25826.288
  70  26177.734
  65  27197.619
  60  27173.615
  55  27738.526
  50  28571.514
  45  28486.634
  40  29359.849
  35  31095.572
  30  32085.540
  25  33886.246
  20  36575.143
  15  40213.035
  10  47373.700
   5  57510.987
   0  74974.702
  -5 108510.351
 -10  32589.477
 -15    604.746
 -20      4.990
 -25      0.000
 -30      0.000
 -35      0.000
 -40      0.000
 -45      0.000
 -50      0.000
