 150  18678.205
 145  27218.875
 140  27685.497
 135  27284.860
 130  28335.737
 125  28033.556
 120  28887.033
 115  28924.617
 110  29651.503
 105  29817.457
 100  29848.184
  95  30376.998
  90  30962.474
  85  31256.399
  80  31640.050
  75  32604.982
  70  32849.869
  65  33505.543
  60  34899.618
  55  35208.049
  50  37005.954
  45  38058.762
  40  39794.778
  35  42242.631
  30  46043.549
  25  49101.525
  20  55741.392
  15  63572.325
  10  76980.266
   5  96339.312
   0 135654.552
  -5 211052.119
 -10  59092.589
 -15  17841.016
 -20    659.623
 -25     40.915
 -30      0.998
 -35      0.998
 -40      0.000
 -45      0.000
 -50      0.000
