 150     11.975
 145     22.953
 140     24.948
 135     34.963
 130     40.956
 125     57.937
 120     67.927
 115     65.929
 110     78.836
 105     79.835
 100    117.756
  95    153.681
  90    201.580
  85    280.699
  80    404.566
  75    609.346
  70   1059.802
  65   1803.260
  60   3293.170
  55   5445.716
  50   8876.528
  45  12716.512
  40  17565.363
  35  22079.265
  30  25085.034
  25  26847.968
  20  28615.680
  15  29166.130
  10  31718.153
   5  34901.348
   0  43674.031
  -5  70731.963
 -10    162.823
 -15      0.000
 -20      0.000
 -25      0.000
 -30      0.000
 -35      0.000
 -40      0.000
 -45      0.000
 -50      0.000
