 150   1022.875
 145   2031.816
 140   2793.199
 135   3602.149
 130   4939.729
 125   6308.149
 120   8196.205
 115   9947.277
 110  12345.396
 105  14757.540
 100  16701.395
  95  18606.429
  90  20782.689
  85  21929.426
  80  23136.152
  75  23448.839
  70  24032.157
  65  24532.120
  60  24687.773
  55  24725.768
  50  25100.765
  45  25037.821
  40  25992.422
  35  26341.683
  30  27647.279
  25  28391.690
  20  30166.465
  15  32209.778
  10  36188.872
   5  42151.505
   0  52856.169
  -5  72627.925
 -10  24006.833
 -15    167.652
 -20      2.994
 -25      0.000
 -30      0.000
 -35      0.000
 -40      0.000
 -45      0.000
 -50      0.000
