 150   1105.703
 145   2079.718
 140   2901.973
 135   3800.937
 130   5033.629
 125   6504.936
 120   8412.973
 115  10155.053
 110  12384.315
 105  14781.491
 100  16797.196
  95  18959.697
  90  20636.993
  85  21796.569
  80  23211.071
  75  23330.966
  70  24031.159
  65  24776.613
  60  24708.729
  55  24902.402
  50  25417.107
  45  25535.783
  40  26033.379
  35  26786.205
  30  27813.101
  25  28551.356
  20  30372.039
  15  32021.172
  10  36422.387
   5  42253.296
   0  53269.318
  -5  77664.511
 -10  28290.164
 -15    364.245
 -20      3.992
 -25      0.998
 -30      0.000
 -35      0.000
 -40      0.000
 -45      0.000
 -50      0.000
