 150   9483.303
 145  16267.457
 140  19110.289
 135  20997.554
 130  23849.529
 125  26001.788
 120  27925.036
 115  29492.971
 110  30595.545
 105  31466.054
 100  31809.123
  95  32688.237
  90  33097.059
  85  34034.413
  80  34080.432
  75  34508.972
  70  35371.639
  65  36465.407
  60  36902.464
  55  37461.380
  50  38978.885
  45  39594.564
  40  40481.050
  35  43045.726
  30  45159.454
  25  48178.403
  20  53600.885
  15  59961.860
  10  71017.638
   5  87030.327
   0 117059.857
  -5 194263.361
 -10  38658.900
 -15    818.304
 -20     15.967
 -25      1.996
 -30      0.000
 -35      0.000
 -40      0.000
 -45      0.000
 -50      0.000
