 150   2458.895
 145   4676.367
 140   5944.647
 135   7486.996
 130   9633.721
 125  11850.131
 120  14343.609
 115  16741.919
 110  19584.382
 105  21507.608
 100  22832.713
  95  24606.965
  90  25584.656
  85  26585.421
  80  26892.118
  75  27241.770
  70  27783.405
  65  28513.891
  60  28153.581
  55  28329.302
  50  29444.696
  45  29919.647
  40  30457.684
  35  31294.359
  30  33709.796
  25  35429.024
  20  39310.470
  15  44153.807
  10  52856.323
   5  66629.277
   0  92685.254
  -5 155234.123
 -10  22888.052
 -15    130.729
 -20      2.994
 -25      0.000
 -30      0.000
 -35      0.000
 -40      0.000
 -45      0.000
 -50      0.000
