 150      0.000
 145      0.000
 140      0.998
 135      0.000
 130      0.999
 125      0.999
 120      2.997
 115      4.995
 110     14.969
 105     17.963
 100      8.981
  95     16.965
  90     14.969
  85     29.968
  80     31.966
  75     51.944
  70     68.857
  65     90.812
  60    132.725
  55    193.599
  50    361.248
  45    714.512
  40   1524.383
  35   3611.118
  30   7097.370
  25  12629.642
  20  19012.587
  15  23817.293
  10  26989.969
   5  29491.454
   0  34893.120
  -5  52079.015
 -10     76.916
 -15      0.000
 -20      0.000
 -25      0.000
 -30      0.000
 -35      0.000
 -40      0.000
 -45      0.000
 -50      0.000
