 150  20029.399
 145  29648.864
 140  30296.045
 135  29947.986
 130  30964.929
 125  31350.017
 120  32049.643
 115  32080.097
 110  32566.490
 105  32515.855
 100  32536.584
  95  33530.458
  90  34515.071
  85  34666.733
  80  35440.972
  75  35780.572
  70  36533.267
  65  38189.832
  60  38605.931
  55  39076.034
  50  41432.778
  45  42511.533
  40  45144.057
  35  48422.994
  30  52210.925
  25  57158.710
  20  64461.372
  15  74590.330
  10  93770.333
   5 128172.989
   0 200932.080
  -5 309138.676
 -10  46184.705
 -15   3788.147
 -20    236.506
 -25      5.988
 -30      0.000
 -35      0.000
 -40      1.996
 -45      0.000
 -50      0.000
