 150  62599.294
 145  78353.610
 140  79315.720
 135  82087.549
 130  83858.303
 125  86070.490
 120  87980.256
 115  88674.001
 110  93269.585
 105  93578.999
 100  96474.036
  95  97439.545
  90 101705.666
  85 106093.855
  80 108041.855
  75 111377.937
  70 116430.721
  65 120378.593
  60 123072.297
  55 128977.478
  50 135957.302
  45 143299.653
  40 153412.669
  35 163685.547
  30 178872.712
  25 197823.538
  20 217432.825
  15 250051.944
  10 307162.336
   5 390770.703
   0 544549.515
  -5 878845.517
 -10 598573.959
 -15 263093.175
 -20 153761.553
 -25  45927.720
 -30  11276.821
 -35   2629.176
 -40    513.934
 -45    158.671
 -50     45.905
