 150  64042.304
 145  80038.960
 140  80990.322
 135  83410.754
 130  84893.123
 125  86144.251
 120  87747.766
 115  87064.341
 110  91505.127
 105  91347.619
 100  92908.822
  95  92638.506
  90  95742.885
  85  99046.479
  80 100758.886
  75 102215.629
  70 106042.792
  65 108402.467
  60 109998.182
  55 114251.294
  50 120002.517
  45 125780.006
  40 135685.453
  35 146926.613
  30 166501.011
  25 193765.895
  20 229507.050
  15 294303.564
  10 413594.627
   5 659079.807
   0 1289458.374
  -5 2607124.217
 -10 2691552.030
 -15 1252946.336
 -20 552257.875
 -25 182234.280
 -30  44181.328
 -35   8824.522
 -40   1427.040
 -45    230.522
 -50     23.950
