 150  51620.043
 145  64095.796
 140  65179.642
 135  66846.753
 130  68877.340
 125  69828.176
 120  70588.787
 115  70983.709
 110  74773.742
 105  74765.506
 100  75960.355
  95  77162.282
  90  79551.482
  85  82413.991
  80  83636.091
  75  86266.781
  70  88592.674
  65  91746.373
  60  92668.586
  55  97050.767
  50 101576.399
  45 106008.033
  40 112511.539
  35 119451.232
  30 129605.674
  25 142012.479
  20 154997.068
  15 175152.135
  10 208665.728
   5 264592.093
   0 379008.179
  -5 572629.222
 -10 287526.383
 -15 111402.243
 -20  20370.082
 -25   3218.546
 -30    339.633
 -35     24.973
 -40      0.000
 -45      0.000
 -50      0.000
