 150  63030.527
 145  77955.361
 140  78939.358
 135  81616.626
 130  83246.267
 125  85681.211
 120  87017.224
 115  87605.219
 110  91169.916
 105  92731.016
 100  94000.727
  95  95228.915
  90  99859.551
  85 102876.531
  80 105649.427
  75 109016.353
  70 113875.470
  65 119073.995
  60 121966.350
  55 128543.944
  50 136435.786
  45 143944.459
  40 153860.739
  35 164378.800
  30 178318.486
  25 195011.363
  20 213920.821
  15 242756.609
  10 290220.464
   5 358624.196
   0 506668.663
  -5 894812.370
 -10 984110.970
 -15 392539.021
 -20 261367.030
 -25 159958.365
 -30  56190.314
 -35  15915.906
 -40   5529.532
 -45   1834.194
 -50    719.507
