 150  11252.696
 145  17318.307
 140  20991.778
 135  26313.058
 130  31579.986
 125  37345.024
 120  42976.812
 115  48632.088
 110  54504.902
 105  59283.152
 100  64440.824
  95  66646.422
  90  70470.104
  85  73073.373
  80  74590.889
  75  75942.741
  70  77191.864
  65  77402.792
  60  77068.154
  55  78733.440
  50  79655.052
  45  80171.724
  40  81961.929
  35  84415.085
  30  88482.881
  25  95225.632
  20  99990.510
  15 107752.412
  10 120988.301
   5 141428.389
   0 195957.388
  -5 342640.022
 -10 181628.303
 -15  30408.311
 -20   1513.373
 -25     60.935
 -30      1.998
 -35      0.000
 -40      0.000
 -45      0.000
 -50      0.000
