 150      4.990
 145      4.990
 140      6.986
 135     10.977
 130      5.982
 125     22.952
 120     25.947
 115     34.928
 110     46.903
 105     54.940
 100     71.922
  95    101.890
  90    123.867
  85    158.671
  80    215.768
  75    277.703
  70    381.589
  65    543.416
  60    834.114
  55   1489.402
  50   2738.048
  45   5672.230
  40  11114.937
  35  19597.873
  30  32738.806
  25  47985.464
  20  61786.456
  15  73741.138
  10  83429.564
   5  92078.200
   0 109302.089
  -5 161012.898
 -10    816.305
 -15      0.000
 -20      0.000
 -25      0.000
 -30      0.000
 -35      0.000
 -40      0.000
 -45      0.000
 -50      0.000
