 150  68224.639
 145  84234.572
 140  84673.757
 135  85747.815
 130  85980.781
 125  87821.857
 120  88249.706
 115  87074.321
 110  89960.412
 105  90064.829
 100  91011.979
  95  90996.452
  90  94000.949
  85  96122.546
  80  97511.175
  75  99359.784
  70 103030.140
  65 105615.463
  60 107406.934
  55 112114.589
  50 117488.230
  45 123460.819
  40 132062.969
  35 140060.015
  30 154443.973
  25 171924.353
  20 192428.754
  15 227652.225
  10 282433.796
   5 367627.536
   0 516826.069
  -5 760249.722
 -10 413444.103
 -15 204473.191
 -20 128021.249
 -25  25494.644
 -30   6965.477
 -35   1322.580
 -40    213.557
 -45     34.927
 -50      8.981
