 150  58567.648
 145  72138.333
 140  72658.341
 135  73847.959
 130  74140.167
 125  75233.965
 120  75820.100
 115  75395.554
 110  77356.414
 105  77367.669
 100  77927.215
  95  78351.008
  90  80770.172
  85  82944.889
  80  84062.633
  75  85122.005
  70  88219.076
  65  90954.224
  60  92094.196
  55  96613.237
  50 101122.888
  45 106149.739
  40 113612.255
  35 121889.603
  30 134345.579
  25 149347.601
  20 167721.364
  15 199321.935
  10 252721.588
   5 339285.946
   0 489565.662
  -5 743936.588
 -10 286850.785
 -15 161611.268
 -20  65205.839
 -25  11065.127
 -30   2432.373
 -35    365.607
 -40     52.890
 -45      4.990
 -50      8.981
