 150  33011.600
 145  46340.446
 140  52129.717
 135  56994.255
 130  62545.797
 125  67590.749
 120  71738.649
 115  73660.155
 110  78665.769
 105  79416.468
 100  81828.888
  95  81387.590
  90  84408.092
  85  87027.418
  80  87521.090
  75  87401.480
  70  90488.544
  65  91909.198
  60  91204.141
  55  94384.631
  50  97079.251
  45  99882.743
  40 103927.351
  35 108915.589
  30 117273.931
  25 128667.811
  20 142230.959
  15 171419.524
  10 230506.897
   5 343648.265
   0 543339.570
  -5 838257.615
 -10 208903.525
 -15  26364.684
 -20   1899.959
 -25    114.877
 -30      6.992
 -35      0.000
 -40      0.000
 -45      0.000
 -50      0.000
