 150  26829.436
 145  34650.521
 140  38370.953
 135  40538.383
 130  42720.719
 125  45041.539
 120  45898.230
 115  46883.716
 110  48072.874
 105  49807.710
 100  51688.763
  95  52886.359
  90  54510.347
  85  55075.718
  80  55537.297
  75  56808.272
  70  59260.177
  65  60112.379
  60  61968.128
  55  64687.590
  50  67775.938
  45  69696.450
  40  73215.079
  35  77483.473
  30  81493.395
  25  85676.897
  20  90339.794
  15  93184.894
  10 100015.983
   5 106649.565
   0 119008.058
  -5 143590.905
 -10  50882.419
 -15   5963.589
 -20    989.936
 -25    272.707
 -30    120.869
 -35     77.916
 -40     57.880
 -45     57.880
 -50     52.890
