 150  64940.443
 145  80485.247
 140  80402.496
 135  81842.068
 130  82335.982
 125  84000.782
 120  84826.699
 115  84893.845
 110  88137.173
 105  88075.997
 100  89293.848
  95  89618.929
  90  93149.864
  85  95818.177
  80  97813.850
  75  99308.839
  70 103713.404
  65 107667.258
  60 110077.098
  55 115266.204
  50 122117.236
  45 128893.546
  40 137640.396
  35 148830.561
  30 163418.325
  25 183290.146
  20 205873.274
  15 244857.574
  10 306542.999
   5 397639.333
   0 572123.272
  -5 960831.314
 -10 824899.334
 -15 332056.040
 -20 273149.092
 -25 133187.090
 -30  32350.062
 -35  10720.486
 -40   2715.366
 -45    605.742
 -50    135.718
