 150  65609.058
 145  81512.204
 140  83294.579
 135  85977.330
 130  87649.653
 125  90844.498
 120  92765.388
 115  93380.143
 110  97950.027
 105  99494.551
 100 102879.068
  95 103492.160
  90 108402.359
  85 113231.046
  80 116164.124
  75 118626.189
  70 124056.515
  65 129545.738
  60 132747.889
  55 139213.624
  50 147435.065
  45 155292.768
  40 166590.325
  35 179673.312
  30 196639.612
  25 219184.596
  20 248759.086
  15 295353.541
  10 369362.413
   5 471154.451
   0 639272.510
  -5 996197.893
 -10 1043930.843
 -15 399526.509
 -20 229998.751
 -25 104413.964
 -30  28797.898
 -35   7834.586
 -40   2022.803
 -45    584.786
 -50    183.619
