 150  76245.020
 145  93468.884
 140  95097.572
 135  96460.180
 130  98387.655
 125  99942.619
 120 101250.045
 115 101230.845
 110 106516.363
 105 106452.966
 100 107738.780
  95 108868.402
  90 112169.306
  85 116583.090
  80 118129.011
  75 120709.961
  70 126881.476
  65 130872.312
  60 134429.102
  55 143331.206
  50 150410.857
  45 160767.408
  40 174258.414
  35 190789.329
  30 217764.903
  25 251576.807
  20 295440.810
  15 360594.755
  10 462769.374
   5 616991.968
   0 948500.861
  -5 1616587.963
 -10 779790.934
 -15 459553.979
 -20 169606.673
 -25  38355.844
 -30   7385.024
 -35    842.096
 -40    112.766
 -45     14.969
 -50      0.000
