 150  17801.116
 145  26694.955
 140  32019.105
 135  38198.744
 130  44296.876
 125  52018.063
 120  58561.714
 115  63719.781
 110  71127.411
 105  74935.295
 100  79362.574
  95  80596.439
  90  84303.205
  85  87734.950
  80  88351.199
  75  89174.583
  70  91572.377
  65  92157.930
  60  91381.952
  55  93065.048
  50  94870.635
  45  96852.032
  40 100048.400
  35 102763.221
  30 109121.694
  25 116493.886
  20 124171.392
  15 136399.416
  10 158244.362
   5 194218.603
   0 283181.399
  -5 491291.570
 -10 176371.030
 -15  20921.530
 -20   1225.684
 -25     66.928
 -30      0.000
 -35      0.000
 -40      0.000
 -45      0.000
 -50      0.000
