 150    734.478
 145   1173.581
 140   1521.886
 135   2015.767
 130   2684.750
 125   3564.603
 120   4906.926
 115   6452.611
 110   9228.850
 105  12050.865
 100  15781.814
  95  20175.312
  90  25216.841
  85  31532.570
  80  37199.048
  75  42464.563
  70  49027.247
  65  53583.398
  60  56542.951
  55  59784.851
  50  62748.357
  45  64596.961
  40  67374.199
  35  69271.326
  30  73584.896
  25  78174.041
  20  83039.566
  15  91951.417
  10 108981.172
   5 138878.983
   0 222355.390
  -5 527803.807
 -10 216663.207
 -15  14483.430
 -20    388.582
 -25      7.991
 -30      0.000
 -35      0.000
 -40      0.000
 -45      0.000
 -50      0.000
