 150      8.981
 145      8.981
 140     13.971
 135     16.964
 130     29.908
 125     34.928
 120     28.941
 115     45.905
 110     50.894
 105     59.935
 100     75.917
  95     91.901
  90    100.891
  85    134.720
  80    250.731
  75    369.605
  70    656.294
  65   1065.854
  60   1849.036
  55   3067.708
  50   5083.520
  45   7391.662
  40  10221.790
  35  13175.796
  30  16417.351
  25  18659.959
  20  19806.668
  15  21261.973
  10  22914.436
   5  25700.423
   0  32582.359
  -5  68839.159
 -10    351.271
 -15      0.000
 -20      0.000
 -25      0.000
 -30      0.000
 -35      0.000
 -40      0.000
 -45      0.000
 -50      0.000
