 150  88005.652
 145 105418.209
 140 106612.870
 135 109218.222
 130 109829.494
 125 112409.862
 120 114074.945
 115 112865.803
 110 118293.960
 105 118947.347
 100 120974.380
  95 122541.635
  90 128272.107
  85 133382.232
  80 137593.087
  75 141614.614
  70 148773.919
  65 157427.765
  60 161650.327
  55 173009.188
  50 187017.208
  45 201407.080
  40 223389.467
  35 246410.370
  30 282686.112
  25 330822.696
  20 395376.180
  15 508232.076
  10 724640.635
   5 1166602.236
   0 2158997.920
  -5 3647391.016
 -10 4032975.576
 -15 2600779.162
 -20 1418453.744
 -25 886760.506
 -30 538985.895
 -35 262309.280
 -40 104744.655
 -45  38326.434
 -50  13643.689
