 150  72046.719
 145  88955.907
 140  90225.399
 135  91680.280
 130  92625.362
 125  94254.516
 120  95454.985
 115  94784.323
 110  97698.448
 105  97640.572
 100  99838.376
  95  99357.489
  90 102767.525
  85 105582.915
  80 106441.575
  75 107822.737
  70 111781.723
  65 114535.874
  60 114732.154
  55 119004.190
  50 124056.143
  45 128524.312
  40 134820.248
  35 142096.820
  30 153382.114
  25 166599.073
  20 181880.115
  15 207199.396
  10 249105.457
   5 311898.333
   0 426887.781
  -5 618380.243
 -10 466279.470
 -15 194764.628
 -20  98429.090
 -25  17358.374
 -30   4107.564
 -35    632.321
 -40     88.816
 -45     24.948
 -50      7.983
