 150   4985.670
 145   8083.332
 140  10531.327
 135  13507.620
 130  17666.710
 125  22133.074
 120  27350.821
 115  33050.420
 110  40385.201
 105  47064.312
 100  53262.997
  95  58881.761
  90  64444.593
  85  69878.003
  80  73267.384
  75  75756.940
  70  78415.546
  65  80513.448
  60  79872.176
  55  82438.461
  50  83436.972
  45  85442.706
  40  88225.931
  35  90323.631
  30  95478.361
  25 101835.629
  20 107427.408
  15 117459.908
  10 135540.700
   5 162757.361
   0 231746.127
  -5 426629.743
 -10 155844.622
 -15  10488.735
 -20    332.643
 -25      8.990
 -30      0.999
 -35      0.000
 -40      0.000
 -45      0.000
 -50      0.000
