 150  82564.010
 145 101682.178
 140 103163.166
 135 105319.565
 130 106568.515
 125 109207.395
 120 110790.655
 115 109548.686
 110 114488.924
 105 114398.306
 100 116497.251
  95 116756.953
  90 120530.309
  85 123333.084
  80 124724.921
  75 126295.990
  70 130614.328
  65 132447.619
  60 133708.867
  55 138224.685
  50 144247.501
  45 150036.824
  40 157193.823
  35 167791.121
  30 182145.194
  25 199194.866
  20 219508.809
  15 252971.526
  10 310161.128
   5 391273.164
   0 553099.319
  -5 929737.864
 -10 442107.627
 -15 298461.154
 -20 162735.060
 -25  42875.994
 -30  12182.843
 -35   2557.256
 -40    480.004
 -45     78.836
 -50     30.936
