 150  55681.739
 145  68829.931
 140  69999.551
 135  72033.864
 130  72449.435
 125  74143.153
 120  74707.373
 115  75264.825
 110  78394.273
 105  78628.374
 100  79715.270
  95  80835.345
  90  83775.857
  85  86079.385
  80  87614.814
  75  89862.847
  70  93385.517
  65  96635.117
  60  97824.013
  55 103384.965
  50 108409.027
  45 113937.693
  40 121256.393
  35 129911.955
  30 142605.841
  25 158814.275
  20 176721.847
  15 205473.062
  10 255646.458
   5 328809.188
   0 458808.971
  -5 690579.357
 -10 780963.501
 -15 228008.890
 -20 125233.374
 -25  24632.569
 -30   5702.841
 -35   1040.882
 -40    183.619
 -45     25.946
 -50     13.971
