 150  45658.396
 145  56872.582
 140  57459.438
 135  58381.399
 130  59608.822
 125  61018.387
 120  62016.301
 115  61722.925
 110  64066.894
 105  64736.437
 100  65659.497
  95  66240.990
  90  68393.340
  85  70745.204
  80  72120.470
  75  73388.474
  70  76517.667
  65  79029.123
  60  79910.056
  55  82976.966
  50  87084.036
  45  90916.349
  40  96570.616
  35 102917.055
  30 112488.075
  25 124850.910
  20 135949.582
  15 152198.017
  10 179576.494
   5 216752.425
   0 302625.749
  -5 502566.672
 -10 172149.617
 -15  86949.529
 -20  11672.452
 -25   1938.918
 -30    221.761
 -35     12.986
 -40      9.979
 -45      2.994
 -50      0.998
