 150  63764.879
 145  78509.291
 140  79312.726
 135  81181.519
 130  82346.948
 125  83787.142
 120  84934.479
 115  84166.355
 110  87719.123
 105  87675.434
 100  89500.534
  95  90175.332
  90  93584.210
  85  96940.848
  80  98104.538
  75 100906.031
  70 105017.002
  65 108115.884
  60 110288.763
  55 115458.113
  50 121322.093
  45 128304.768
  40 137406.881
  35 147139.384
  30 161379.517
  25 180351.303
  20 202466.943
  15 240036.800
  10 304550.522
   5 401102.617
   0 571642.271
  -5 886035.590
 -10 483997.222
 -15 234763.629
 -20 154559.848
 -25  36229.090
 -30   9881.338
 -35   2166.673
 -40    397.176
 -45     75.843
 -50     36.923
