 150  69398.207
 145  86747.555
 140  88321.354
 135  90389.008
 130  91961.403
 125  94716.463
 120  96828.083
 115  97046.531
 110 100651.457
 105 101677.172
 100 104230.597
  95 105631.868
  90 109945.698
  85 113977.497
  80 116273.007
  75 119646.098
  70 124957.546
  65 129753.515
  60 131328.398
  55 138346.554
  50 145365.296
  45 153538.408
  40 163771.175
  35 174567.816
  30 192770.771
  25 215754.280
  20 244401.779
  15 293752.279
  10 371527.094
   5 476952.230
   0 627295.362
  -5 864784.707
 -10 638506.100
 -15 228412.457
 -20 142905.377
 -25  48163.321
 -30  10979.143
 -35   2944.837
 -40    580.795
 -45    125.739
 -50     35.925
