 150  45297.190
 145  56630.285
 140  57612.376
 135  58433.990
 130  59647.762
 125  60472.733
 120  60868.099
 115  61015.393
 110  62532.246
 105  62867.292
 100  63614.724
  95  63523.775
  90  64592.434
  85  65660.754
  80  66732.329
  75  67243.050
  70  68444.286
  65  69743.026
  60  70022.636
  55  71577.126
  50  73445.752
  45  74058.403
  40  77746.676
  35  79638.230
  30  84112.579
  25  89403.891
  20  94837.050
  15 105270.098
  10 121230.041
   5 152391.636
   0 217843.974
  -5 350557.593
 -10 146446.270
 -15  78049.097
 -20   7635.792
 -25    866.070
 -30     84.908
 -35      0.000
 -40      4.990
 -45      0.000
 -50      0.000
