 150  57804.345
 145  70807.906
 140  71513.470
 135  73048.721
 130  72752.504
 125  74899.583
 120  75417.921
 115  75528.279
 110  78001.084
 105  77759.320
 100  79050.993
  95  79770.486
  90  82671.046
  85  85094.429
  80  86732.762
  75  88520.283
  70  92422.553
  65  94947.931
  60  96886.010
  55 101586.896
  50 107172.361
  45 113073.486
  40 120895.143
  35 129154.771
  30 142025.465
  25 156613.640
  20 172239.670
  15 196616.671
  10 238228.096
   5 299943.161
   0 427934.037
  -5 685138.652
 -10 624255.669
 -15 206052.494
 -20 152254.327
 -25  40502.541
 -30   9376.873
 -35   2264.568
 -40    408.153
 -45     93.805
 -50     16.965
