 150  34081.417
 145  45056.139
 140  48249.654
 135  50985.542
 130  53649.190
 125  55984.105
 120  56970.097
 115  58154.330
 110  59892.723
 105  60323.032
 100  61428.105
  95  61181.291
  90  62661.514
  85  64193.798
  80  65037.150
  75  65491.924
  70  66573.301
  65  68044.852
  60  67735.065
  55  69166.715
  50  70057.408
  45  71780.128
  40  72800.938
  35  74595.660
  30  77582.599
  25  81397.498
  20  84945.683
  15  90946.596
  10  99660.164
   5 114286.485
   0 147936.033
  -5 227356.236
 -10 122641.641
 -15  43471.268
 -20   3070.699
 -25    157.830
 -30      9.989
 -35      0.000
 -40      0.000
 -45      0.000
 -50      0.000
