 150   1094.732
 145   1601.721
 140   1820.276
 135   2149.486
 130   2597.019
 125   3212.334
 120   3777.283
 115   4646.359
 110   5942.746
 105   7606.709
 100  10053.052
  95  13613.406
  90  19455.047
  85  27482.973
  80  40492.471
  75  58104.828
  70  83536.115
  65 116738.623
  60 153262.082
  55 198134.402
  50 243742.002
  45 286813.861
  40 323905.895
  35 348496.321
  30 369895.362
  25 385080.424
  20 395915.599
  15 412946.366
  10 434736.962
   5 462311.939
   0 528000.870
  -5 715786.028
 -10 693722.831
 -15  71017.656
 -20   1803.062
 -25     14.984
 -30      0.000
 -35      0.000
 -40      0.000
 -45      0.000
 -50      0.000
