 150  52614.982
 145  66049.655
 140  66907.909
 135  69310.547
 130  69833.402
 125  72098.396
 120  72588.629
 115  72425.644
 110  75053.240
 105  74515.778
 100  75285.090
  95  75515.123
  90  77395.722
  85  79292.468
  80  79946.058
  75  80708.722
  70  83111.572
  65  84823.814
  60  84679.985
  55  88039.534
  50  90739.183
  45  94198.538
  40  98939.700
  35 104721.111
  30 113273.231
  25 126079.591
  20 140238.963
  15 162775.389
  10 200973.757
   5 259306.764
   0 388034.828
  -5 754794.048
 -10 972438.191
 -15 386783.208
 -20 143089.179
 -25  24779.412
 -30   4279.378
 -35    576.381
 -40     50.894
 -45      9.979
 -50      3.992
