 150    383.206
 145    496.976
 140    595.781
 135    774.374
 130    934.129
 125   1241.424
 120   1724.460
 115   2270.289
 110   3418.906
 105   4604.981
 100   6467.956
  95   8994.331
  90  12734.285
  85  16848.040
  80  22446.892
  75  28250.772
  70  35227.096
  65  41539.345
  60  46967.121
  55  52320.860
  50  57254.280
  45  60827.782
  40  63839.533
  35  66309.518
  30  70018.730
  25  74480.008
  20  77445.591
  15  83598.463
  10  94006.225
   5 110040.926
   0 153422.495
  -5 321030.861
 -10 169756.585
 -15   5873.686
 -20     70.924
 -25      2.997
 -30      0.000
 -35      0.000
 -40      0.000
 -45      0.000
 -50      0.000
