 150      0.000
 145      0.000
 140      0.000
 135      0.998
 130      3.988
 125      0.998
 120      0.000
 115      3.992
 110      5.988
 105      5.993
 100     12.986
  95     19.979
  90     33.963
  85     47.901
  80     60.934
  75     87.906
  70    141.847
  65    169.818
  60    211.775
  55    286.692
  50    375.595
  45    621.710
  40   1014.894
  35   1966.880
  30   4499.163
  25  10263.976
  20  21095.280
  15  37990.818
  10  57997.826
   5  73288.362
   0  86849.700
  -5 113409.562
 -10   4246.185
 -15      0.000
 -20      0.000
 -25      0.000
 -30      0.000
 -35      0.000
 -40      0.000
 -45      0.000
 -50      0.000
