 150  70725.457
 145  87572.877
 140  88206.588
 135  91150.399
 130  92230.575
 125  95112.641
 120  96201.364
 115  95995.713
 110 100492.784
 105 100552.398
 100 102422.564
  95 103199.473
  90 106829.052
  85 110220.293
  80 111181.480
  75 112290.961
  70 116403.750
  65 118896.187
  60 119260.226
  55 123647.326
  50 127822.208
  45 131563.007
  40 137587.506
  35 143687.105
  30 153714.757
  25 166340.350
  20 178501.754
  15 199002.083
  10 234560.785
   5 288421.524
   0 390581.543
  -5 553420.100
 -10 274240.950
 -15 128486.877
 -20  26113.928
 -25   4889.753
 -30    617.333
 -35     60.935
 -40      7.983
 -45      0.998
 -50      1.996
