 150  26267.574
 145  37555.560
 140  42750.020
 135  49363.288
 130  55433.652
 125  61121.174
 120  66294.830
 115  68958.910
 110  73873.712
 105  76726.366
 100  79057.906
  95  79383.742
  90  81804.896
  85  84267.146
  80  84857.947
  75  85328.698
  70  88190.019
  65  89019.304
  60  88000.543
  55  90146.183
  50  92394.307
  45  94271.387
  40  97501.684
  35 101017.104
  30 106882.102
  25 115184.292
  20 123262.370
  15 137223.524
  10 160038.439
   5 197598.976
   0 295813.188
  -5 530795.599
 -10 203862.984
 -15  28162.753
 -20   1711.162
 -25     61.933
 -30      1.998
 -35      0.000
 -40      0.000
 -45      0.000
 -50      0.000
