 150      2.994
 145      5.988
 140      9.980
 135      8.981
 130     19.939
 125     25.946
 120     37.923
 115     51.892
 110     65.864
 105    125.863
 100    144.842
  95    210.774
  90    293.684
  85    402.166
  80    569.388
  75    671.282
  70   1092.824
  65   1462.429
  60   2141.723
  55   3236.527
  50   5171.420
  45   9107.103
  40  17818.028
  35  36118.065
  30  71891.716
  25 131053.249
  20 208359.597
  15 289955.688
  10 354374.111
   5 394025.211
   0 430110.091
  -5 494156.132
 -10 114251.813
 -15     31.966
 -20      0.000
 -25      0.000
 -30      0.000
 -35      0.000
 -40      0.000
 -45      0.000
 -50      0.000
