 150  69506.982
 145  86057.840
 140  86627.760
 135  87850.514
 130  88482.095
 125  90217.798
 120  90632.837
 115  89958.336
 110  92904.431
 105  92775.874
 100  94272.337
  95  94071.156
  90  96915.622
  85  99416.710
  80 100334.141
  75 102378.455
  70 105564.413
  65 107350.705
  60 108585.574
  55 112560.223
  50 117007.749
  45 121829.204
  40 128468.428
  35 136146.234
  30 148301.576
  25 164678.136
  20 182729.201
  15 214341.654
  10 269080.546
   5 357161.765
   0 521321.736
  -5 857499.830
 -10 358299.171
 -15 213127.888
 -20  45978.573
 -25   9258.057
 -30   1303.593
 -35    165.822
 -40     12.973
 -45      6.985
 -50      1.996
