 150     14.969
 145     27.943
 140     18.961
 135     31.933
 130     48.850
 125     69.855
 120     59.878
 115     76.840
 110    110.772
 105    129.858
 100    155.830
  95    206.779
  90    241.740
  85    287.404
  80    370.602
  75    526.437
  70    721.224
  65   1178.733
  60   1832.053
  55   3182.585
  50   5583.980
  45   9594.092
  40  15863.084
  35  24314.789
  30  35378.968
  25  46334.237
  20  55625.092
  15  64302.232
  10  72716.121
   5  82947.997
   0 107573.784
  -5 218241.930
 -10   9691.889
 -15      7.991
 -20      0.000
 -25      0.000
 -30      0.000
 -35      0.000
 -40      0.000
 -45      0.000
 -50      0.000
