 150      0.000
 145      0.000
 140      1.996
 135      0.000
 130      0.000
 125      0.000
 120      1.996
 115      0.000
 110      0.998
 105      1.998
 100      3.996
  95      2.997
  90      5.994
  85      7.983
  80     14.984
  75     24.973
  70     34.962
  65     55.940
  60     48.948
  55    116.875
  50    139.849
  45    249.482
  40    404.161
  35    906.023
  30   2105.736
  25   5981.576
  20  15469.340
  15  31781.581
  10  54529.544
   5  71932.816
   0  88454.369
  -5 119948.108
 -10      7.983
 -15      0.000
 -20      0.000
 -25      0.000
 -30      0.000
 -35      0.000
 -40      0.000
 -45      0.000
 -50      0.000
