 150  48732.076
 145  61901.421
 140  64014.195
 135  64808.679
 130  65846.719
 125  66760.604
 120  67478.534
 115  67234.488
 110  68744.355
 105  69045.638
 100  70050.715
  95  69178.702
  90  70656.903
  85  72128.334
  80  72779.834
  75  73280.590
  70  74136.155
  65  75039.333
  60  74911.444
  55  76766.553
  50  78441.362
  45  79241.653
  40  81590.699
  35  85601.807
  30  90419.799
  25  98143.496
  20 104443.723
  15 113447.250
  10 129260.433
   5 153539.406
   0 206261.008
  -5 332311.454
 -10 190376.160
 -15 107279.674
 -20  11581.550
 -25   1303.600
 -30     77.916
 -35      4.995
 -40      9.979
 -45      0.000
 -50      0.000
