 150  28929.059
 145  41166.115
 140  46228.861
 135  51690.398
 130  57548.155
 125  62655.989
 120  67630.088
 115  69164.484
 110  74221.989
 105  75880.277
 100  78154.889
  95  76911.397
  90  80424.383
  85  81672.530
  80  81330.732
  75  82015.244
  70  83402.176
  65  84356.317
  60  83871.928
  55  85786.865
  50  86728.420
  45  88789.761
  40  92033.031
  35  94754.854
  30 100925.505
  25 108324.659
  20 116269.894
  15 130667.618
  10 153807.119
   5 190774.299
   0 286445.625
  -5 552337.899
 -10 168932.465
 -15  20308.189
 -20   1415.480
 -25     78.915
 -30      0.999
 -35      1.998
 -40      0.000
 -45      0.000
 -50      0.000
