 150  59947.788
 145  74197.083
 140  73798.893
 135  75115.281
 130  75400.295
 125  77157.897
 120  76681.263
 115  76489.208
 110  78455.225
 105  78310.641
 100  78679.397
  95  79012.378
  90  81197.631
  85  83505.726
  80  83770.946
  75  85709.377
  70  88363.920
  65  90837.350
  60  92319.864
  55  96057.930
  50 101048.070
  45 106784.422
  40 114152.134
  35 123111.286
  30 136927.803
  25 154644.911
  20 179713.449
  15 219500.842
  10 287624.954
   5 391292.144
   0 554893.596
  -5 808342.880
 -10 493720.530
 -15 199891.117
 -20 103164.099
 -25  17875.819
 -30   4200.463
 -35    604.351
 -40     85.822
 -45     15.967
 -50      4.990
