 150  37605.082
 145  51668.460
 140  55973.806
 135  60690.489
 130  65062.064
 125  69202.405
 120  72521.042
 115  73249.008
 110  77451.289
 105  78378.586
 100  80078.794
  95  80214.849
  90  83352.230
  85  85113.390
  80  86172.537
  75  86611.326
  70  89374.743
  65  90563.644
  60  90168.241
  55  92680.461
  50  95178.303
  45  97408.877
  40 101481.426
  35 104891.927
  30 113240.267
  25 121734.257
  20 130664.405
  15 145353.727
  10 173831.652
   5 225275.280
   0 353102.313
  -5 620788.863
 -10 222189.956
 -15  46030.563
 -20   3989.715
 -25    193.792
 -30     10.988
 -35      2.997
 -40      0.000
 -45      0.000
 -50      0.000
