 150  55436.247
 145  69083.415
 140  70452.629
 135  71502.986
 130  73123.365
 125  74605.194
 120  76088.551
 115  75486.366
 110  79246.514
 105  79138.818
 100  80065.888
  95  81208.944
  90  83851.775
  85  86603.298
  80  88254.127
  75  89470.267
  70  92780.169
  65  94972.904
  60  96400.526
  55  99989.611
  50 104166.604
  45 109725.429
  40 114793.803
  35 122260.204
  30 132056.172
  25 145052.069
  20 158062.924
  15 176926.035
  10 208043.394
   5 254568.848
   0 356288.701
  -5 600894.543
 -10 152415.737
 -15  79141.922
 -20  11296.856
 -25   2214.624
 -30    228.753
 -35     27.970
 -40     11.975
 -45      2.994
 -50      1.996
