 150     46.903
 145     66.862
 140     64.867
 135     85.820
 130    116.642
 125    124.741
 120    161.668
 115    183.619
 110    250.480
 105    241.737
 100    305.667
  95    369.603
  90    517.443
  85    739.466
  80   1031.892
  75   1591.297
  70   2701.094
  65   4572.085
  60   7420.120
  55  12236.870
  50  19306.188
  45  28664.521
  40  39611.806
  35  50913.116
  30  61422.970
  25  70792.968
  20  75917.237
  15  82382.779
  10  91534.875
   5 101578.007
   0 123919.743
  -5 193528.429
 -10  10005.229
 -15     12.986
 -20      0.000
 -25      0.000
 -30      0.000
 -35      0.000
 -40      0.000
 -45      0.000
 -50      0.000
