 150  56622.678
 145  70441.722
 140  70531.539
 135  71101.762
 130  71900.051
 125  72949.630
 120  73009.768
 115  73327.772
 110  76128.024
 105  75290.933
 100  76256.033
  95  76397.179
  90  79069.921
  85  80660.629
  80  81859.002
  75  83068.200
  70  86494.931
  65  88332.043
  60  89760.584
  55  93884.262
  50  98058.293
  45 103334.581
  40 109936.881
  35 117929.872
  30 128857.478
  25 142814.617
  20 158009.823
  15 181387.195
  10 221747.508
   5 284091.170
   0 418257.116
  -5 681610.976
 -10 176039.718
 -15 118171.965
 -20  34044.402
 -25   6659.854
 -30   1545.331
 -35    213.770
 -40     68.857
 -45     14.969
 -50      5.988
