 150  78640.058
 145  96367.988
 140  97826.022
 135  99144.508
 130 100916.882
 125 102384.552
 120 103578.286
 115 103378.386
 110 108677.906
 105 108406.837
 100 109538.822
  95 110534.617
  90 113520.852
  85 117759.649
  80 119211.847
  75 121505.111
  70 127175.160
  65 130669.530
  60 133602.980
  55 141105.594
  50 147132.391
  45 155644.039
  40 166597.311
  35 179563.431
  30 200958.969
  25 227906.229
  20 262982.768
  15 317072.976
  10 404086.224
   5 529396.957
   0 788787.266
  -5 1384677.410
 -10 822031.285
 -15 460583.872
 -20 344661.489
 -25 160685.584
 -30  47186.039
 -35  15275.594
 -40   4095.502
 -45   1030.860
 -50    284.410
