 150    188.609
 145    270.443
 140    307.371
 135    350.264
 130    426.689
 125    502.956
 120    577.814
 115    814.310
 110   1002.919
 105   1373.503
 100   1879.953
  95   2763.030
  90   4175.503
  85   6232.068
  80   9181.139
  75  13279.791
  70  19183.359
  65  26102.939
  60  33530.391
  55  42750.129
  50  50985.038
  45  58266.098
  40  65414.265
  35  70092.440
  30  77310.891
  25  84037.743
  20  89898.180
  15  99033.746
  10 113132.722
   5 131546.850
   0 186709.391
  -5 386415.188
 -10  49727.765
 -15    344.630
 -20      3.996
 -25      0.000
 -30      0.000
 -35      0.000
 -40      0.000
 -45      0.000
 -50      0.000
