 150    369.235
 145    568.828
 140    641.679
 135    780.371
 130   1008.901
 125   1366.147
 120   1823.259
 115   2492.827
 110   3637.452
 105   5313.278
 100   7474.860
  95  11036.147
  90  15957.813
  85  22282.763
  80  30337.418
  75  38761.525
  70  49085.135
  65  58462.153
  60  64537.461
  55  71249.478
  50  76707.233
  45  80425.198
  40  84165.357
  35  86735.586
  30  92354.719
  25  96923.807
  20  99817.696
  15 105698.634
  10 115134.576
   5 126917.944
   0 154254.921
  -5 230581.543
 -10 111541.663
 -15    874.060
 -20      2.997
 -25      0.000
 -30      0.000
 -35      0.000
 -40      0.000
 -45      0.000
 -50      0.000
