 150  70471.982
 145  86611.706
 140  87835.289
 135  88977.990
 130  89987.469
 125  91661.893
 120  92227.579
 115  91914.278
 110  95494.994
 105  95759.622
 100  97086.370
  95  97474.507
  90 101051.370
  85 104432.303
  80 106418.600
  75 108399.121
  70 112904.515
  65 116721.524
  60 118539.111
  55 125312.414
  50 132816.691
  45 140583.290
  40 151613.402
  35 164792.354
  30 183705.517
  25 211771.557
  20 245368.738
  15 298666.246
  10 379594.834
   5 483118.614
   0 638243.008
  -5 932978.137
 -10 684755.133
 -15 282209.625
 -20 199259.597
 -25  54570.446
 -30  14468.374
 -35   3641.089
 -40    756.430
 -45    139.710
 -50     30.936
