 150  68199.690
 145  84505.018
 140  84494.125
 135  86103.183
 130  86921.889
 125  88993.339
 120  89673.796
 115  88523.314
 110  91253.835
 105  91856.876
 100  93071.645
  95  92898.413
  90  95885.731
  85  98498.615
  80  99499.039
  75 101846.025
  70 105025.992
  65 107579.460
  60 108072.119
  55 112886.872
  50 117912.772
  45 122946.885
  40 130681.835
  35 138713.467
  30 150971.705
  25 165851.875
  20 181158.892
  15 206061.629
  10 244543.849
   5 299977.125
   0 407333.376
  -5 590704.697
 -10 327614.872
 -15 158300.827
 -20  59749.769
 -25  11000.186
 -30   2020.820
 -35    317.659
 -40     52.890
 -45      0.998
 -50      0.998
