 150   5173.281
 145   8398.682
 140  10816.739
 135  14067.444
 130  18090.408
 125  22804.680
 120  28343.782
 115  33555.373
 110  41282.339
 105  46979.403
 100  53201.064
  95  58225.466
  90  64565.463
  85  68787.266
  80  71589.185
  75  73732.107
  70  76573.530
  65  77939.215
  60  76554.699
  55  79391.733
  50  80518.121
  45  82054.736
  40  84862.909
  35  86919.301
  30  92105.986
  25  97970.779
  20 103605.520
  15 114667.929
  10 134086.260
   5 163151.938
   0 240809.321
  -5 454378.165
 -10 113953.546
 -15   5054.571
 -20    129.861
 -25      1.998
 -30      0.000
 -35      0.000
 -40      0.000
 -45      0.000
 -50      0.000
