 150  56670.579
 145  70562.476
 140  71100.382
 135  72599.597
 130  73346.606
 125  74671.058
 120  75013.672
 115  74791.732
 110  77203.806
 105  77695.312
 100  78434.663
  95  79095.289
  90  81077.760
  85  83305.142
  80  84667.982
  75  85127.998
  70  87805.521
  65  89642.634
  60  90415.888
  55  93962.179
  50  97840.528
  45 100524.412
  40 106539.930
  35 111764.518
  30 121271.633
  25 132496.699
  20 143497.453
  15 163646.444
  10 200842.897
   5 265669.936
   0 392354.864
  -5 578380.283
 -10 252886.261
 -15  93749.220
 -20  10130.110
 -25   1300.604
 -30     94.898
 -35     13.985
 -40      1.996
 -45      0.000
 -50      1.996
