 150     80.833
 145    135.720
 140    141.710
 135    149.686
 130    186.427
 125    259.462
 120    270.445
 115    342.290
 110    353.267
 105    482.474
 100    678.261
  95    839.098
  90   1186.722
  85   1895.068
  80   2898.887
  75   4616.061
  70   7640.779
  65  11991.110
  60  18147.727
  55  26303.776
  50  36422.736
  45  46406.706
  40  56637.477
  35  64353.627
  30  71426.217
  25  76543.792
  20  79540.335
  15  84871.085
  10  92322.031
   5 101799.769
   0 128523.186
  -5 216951.825
 -10  11177.795
 -15     13.985
 -20      0.999
 -25      0.000
 -30      0.000
 -35      0.000
 -40      0.000
 -45      0.000
 -50      0.000
