 150  67103.961
 145  82977.146
 140  83587.979
 135  86133.999
 130  86837.149
 125  89379.627
 120  90001.128
 115  90082.080
 110  93709.677
 105  94026.511
 100  95476.122
  95  96325.739
  90  99134.430
  85 102028.291
  80 102599.705
  75 104300.503
  70 108626.118
  65 111237.420
  60 110943.178
  55 115214.260
  50 120936.510
  45 125094.429
  40 131291.570
  35 139152.993
  30 151049.622
  25 167270.352
  20 185028.724
  15 216306.524
  10 271374.629
   5 353282.927
   0 498810.469
  -5 762428.199
 -10 303893.421
 -15 182242.090
 -20  75814.424
 -25  14258.700
 -30   3494.226
 -35    555.403
 -40     87.818
 -45      9.979
 -50      2.994
