 150   9151.048
 145  14637.831
 140  18000.936
 135  22404.220
 130  27560.335
 125  33240.594
 120  39030.909
 115  44401.866
 110  51856.398
 105  56967.646
 100  62895.507
  95  66132.973
  90  70947.589
  85  74789.811
  80  77152.139
  75  78931.543
  70  82251.415
  65  83846.865
  60  83893.905
  55  86126.500
  50  88992.977
  45  90882.510
  40  94649.602
  35  96763.785
  30 102929.351
  25 110369.353
  20 116545.713
  15 127503.042
  10 146257.212
   5 173639.858
   0 245262.081
  -5 427639.648
 -10 270746.472
 -15  48063.332
 -20   2591.214
 -25     94.898
 -30      0.000
 -35      1.998
 -40      0.000
 -45      0.000
 -50      0.000
