 150  71480.892
 145  88088.682
 140  89017.869
 135  90209.560
 130  90808.944
 125  92339.396
 120  93080.836
 115  92370.332
 110  95047.013
 105  95100.341
 100  95959.500
  95  96253.816
  90  98793.599
  85 101525.335
  80 102135.205
  75 103690.052
  70 106202.726
  65 107841.179
  60 108479.686
  55 112885.873
  50 116433.368
  45 121905.047
  40 127879.650
  35 135089.374
  30 146567.440
  25 161761.268
  20 177144.216
  15 201350.736
  10 243229.258
   5 304037.767
   0 426488.610
  -5 646718.413
 -10 250731.481
 -15 150615.089
 -20  28506.356
 -25   6013.541
 -30    877.054
 -35     99.893
 -40     11.975
 -45      0.998
 -50      0.998
