 150  62763.018
 145  77780.794
 140  78173.994
 135  79385.338
 130  80987.127
 125  82272.285
 120  82691.062
 115  82386.049
 110  85111.500
 105  84855.507
 100  85752.701
  95  85085.873
  90  88409.871
  85  90311.603
  80  90939.240
  75  92095.550
  70  95393.261
  65  97056.664
  60  97763.078
  55 101710.864
  50 104911.905
  45 109065.798
  40 114940.498
  35 120950.615
  30 130463.751
  25 141811.553
  20 153220.135
  15 172371.976
  10 204140.570
   5 249610.168
   0 332815.408
  -5 490431.863
 -10 190586.533
 -15 107603.326
 -20  22316.010
 -25   4463.211
 -30    547.409
 -35     56.939
 -40     16.965
 -45      9.979
 -50      3.992
