 150  47817.921
 145  63798.448
 140  66822.479
 135  71618.529
 130  74916.781
 125  78214.704
 120  80219.230
 115  80785.370
 110  84392.885
 105  84042.486
 100  85564.820
  95  84506.240
  90  86541.794
  85  88618.117
  80  88603.928
  75  89098.664
  70  91459.498
  65  92533.526
  60  91156.192
  55  93251.848
  50  95311.159
  45  97588.504
  40 101586.209
  35 103860.039
  30 112170.417
  25 120840.218
  20 130203.901
  15 146215.795
  10 170334.402
   5 203689.441
   0 283954.794
  -5 495200.459
 -10 187733.453
 -15  42196.681
 -20   3964.742
 -25    307.670
 -30     15.983
 -35      6.992
 -40      2.994
 -45      0.000
 -50      0.000
