 150  53670.848
 145  68398.032
 140  71180.439
 135  73731.050
 130  75314.633
 125  77201.803
 120  78120.696
 115  77665.843
 110  80370.232
 105  80079.754
 100  80698.120
  95  79801.293
  90  82335.325
  85  84374.922
  80  85217.476
  75  85268.762
  70  86643.685
  65  87301.151
  60  87100.499
  55  87950.541
  50  90718.115
  45  91334.572
  40  93989.971
  35  96870.670
  30 103471.768
  25 111641.985
  20 117451.739
  15 127848.668
  10 145256.285
   5 172550.026
   0 244906.818
  -5 413030.961
 -10 197237.929
 -15  87518.917
 -20   8829.508
 -25    767.176
 -30     31.966
 -35      3.996
 -40      0.000
 -45      0.000
 -50      0.000
