 150  68093.909
 145  84151.741
 140  84517.078
 135  85366.620
 130  86857.088
 125  88216.040
 120  88923.330
 115  88119.153
 110  91132.993
 105  91728.016
 100  92465.398
  95  93037.264
  90  96122.668
  85  98196.243
  80 100329.146
  75 102160.790
  70 106228.698
  65 109188.622
  60 110517.630
  55 116407.978
  50 121359.054
  45 127875.658
  40 137167.378
  35 147857.609
  30 163430.312
  25 183149.298
  20 205978.162
  15 245927.415
  10 310252.030
   5 403899.616
   0 560301.813
  -5 851270.762
 -10 472425.717
 -15 240879.055
 -20 141093.184
 -25  31343.369
 -30   8610.700
 -35   1555.330
 -40    245.491
 -45     41.913
 -50     14.969
