 150      1.996
 145      3.992
 140      2.994
 135      1.996
 130      9.969
 125     11.975
 120     13.971
 115     17.963
 110     34.928
 105     48.947
 100     68.925
  95     79.914
  90    100.891
  85    123.743
  80    161.826
  75    193.793
  70    245.736
  65    368.604
  60    488.481
  55    699.250
  50   1254.647
  45   2289.250
  40   4749.146
  35   9359.910
  30  17822.840
  25  30336.419
  20  44614.950
  15  58966.140
  10  71559.288
   5  82219.778
   0 101052.216
  -5 155396.552
 -10   1050.819
 -15      0.000
 -20      0.000
 -25      0.000
 -30      0.000
 -35      0.000
 -40      0.000
 -45      0.000
 -50      0.000
