 150  28077.851
 145  36041.691
 140  39056.559
 135  41437.484
 130  43027.776
 125  44137.415
 120  45377.294
 115  45742.085
 110  46777.545
 105  48133.534
 100  48718.994
  95  48995.526
  90  50952.175
  85  51591.947
  80  50891.292
  75  52584.787
  70  53430.455
  65  54348.575
  60  55507.995
  55  57553.245
  50  60096.216
  45  61379.699
  40  64596.961
  35  67760.954
  30  70975.701
  25  74952.426
  20  78365.679
  15  81447.629
  10  89724.994
   5  97918.933
   0 114783.824
  -5 179646.055
 -10  49325.649
 -15   6439.078
 -20    833.104
 -25     95.897
 -30     43.953
 -35     31.966
 -40     17.963
 -45     13.971
 -50     18.961
