 150  77968.449
 145  96289.895
 140  97517.479
 135  99597.550
 130 101810.137
 125 103971.363
 120 105037.409
 115 103966.270
 110 108786.573
 105 108801.406
 100 109863.469
  95 111289.697
  90 114022.426
  85 117398.398
  80 118948.131
  75 120658.017
  70 125220.263
  65 127842.569
  60 128753.264
  55 132787.386
  50 138423.641
  45 143660.904
  40 151215.228
  35 158540.094
  30 171899.208
  25 188361.700
  20 207538.481
  15 238133.863
  10 290952.681
   5 366451.797
   0 493669.143
  -5 705588.199
 -10 437751.665
 -15 219637.889
 -20 112375.084
 -25  22353.015
 -30   5688.856
 -35    910.023
 -40    148.691
 -45     19.959
 -50      7.983
