 150  52467.392
 145  65189.340
 140  66119.447
 135  67892.611
 130  68565.367
 125  69892.972
 120  70565.834
 115  71284.086
 110  73763.825
 105  74028.383
 100  75856.468
  95  76217.295
  90  78542.488
  85  82033.780
  80  83544.190
  75  85012.037
  70  89107.121
  65  91360.787
  60  93555.550
  55  97780.983
  50 104105.670
  45 108544.878
  40 115894.519
  35 123592.767
  30 134683.350
  25 148579.277
  20 162825.799
  15 185620.602
  10 225434.785
   5 286835.226
   0 412110.870
  -5 664510.476
 -10 205731.108
 -15 110728.966
 -20  30752.941
 -25   5156.467
 -30    872.058
 -35    135.854
 -40     25.946
 -45     10.977
 -50      0.998
