 150  55750.485
 145  69363.014
 140  70104.566
 135  71332.202
 130  72428.427
 125  73869.720
 120  75109.551
 115  74411.596
 110  77495.205
 105  77952.032
 100  79382.552
  95  79498.777
  90  81387.346
  85  83746.227
  80  85352.246
  75  87289.600
  70  91323.736
  65  93071.042
  60  94830.196
  55  98029.814
  50 102288.631
  45 106839.308
  40 113733.004
  35 121314.223
  30 132170.916
  25 145949.251
  20 158955.805
  15 180763.053
  10 213353.285
   5 265404.221
   0 372800.067
  -5 611712.086
 -10 266380.993
 -15 144878.256
 -20  41198.711
 -25   7484.961
 -30   1412.476
 -35    140.849
 -40     31.934
 -45      3.992
 -50      2.994
