 150  52190.861
 145  64873.205
 140  66026.909
 135  67158.966
 130  68496.510
 125  69261.283
 120  70591.781
 115  70994.686
 110  73811.800
 105  74083.249
 100  74768.577
  95  75358.216
  90  78542.410
  85  80435.097
  80  81741.128
  75  83142.038
  70  85592.902
  65  87798.704
  60  88222.220
  55  92429.823
  50  95747.688
  45  99272.011
  40 104280.618
  35 109268.209
  30 119316.735
  25 130986.321
  20 143698.237
  15 165182.942
  10 203812.513
   5 268150.275
   0 397548.689
  -5 651594.290
 -10 579387.192
 -15 205283.320
 -20  60461.004
 -25   8753.599
 -30   1133.777
 -35    128.862
 -40     15.967
 -45      0.000
 -50      0.000
