 150  66223.850
 145  82162.881
 140  82389.420
 135  83875.854
 130  84611.987
 125  85967.617
 120  87001.256
 115  86730.035
 110  89745.944
 105  89437.513
 100  90606.420
  95  91087.445
  90  93819.051
  85  97015.692
  80  98470.145
  75 100458.610
  70 104106.877
  65 107694.229
  60 108914.224
  55 114085.586
  50 119544.131
  45 126606.418
  40 134721.453
  35 143808.974
  30 158829.259
  25 176844.892
  20 198229.705
  15 232836.373
  10 289380.363
   5 369709.302
   0 513269.965
  -5 773355.514
 -10 264702.742
 -15 174063.881
 -20  76744.500
 -25  15666.190
 -30   4218.444
 -35    753.192
 -40    161.665
 -45     44.907
 -50     14.969
