 150  69239.536
 145  86461.138
 140  87325.380
 135  89867.111
 130  91235.633
 125  93396.203
 120  95281.245
 115  94549.715
 110  99427.980
 105 100033.963
 100 101845.192
  95 103246.423
  90 107736.076
  85 110630.442
  80 113873.586
  75 115932.069
  70 121380.395
  65 126853.632
  60 129941.872
  55 136877.131
  50 144121.637
  45 152852.830
  40 163414.914
  35 175136.203
  30 193933.521
  25 216214.785
  20 241366.049
  15 282938.012
  10 347642.675
   5 435811.374
   0 596311.653
  -5 948815.260
 -10 1201238.430
 -15 485564.019
 -20 315257.099
 -25 200035.362
 -30  70292.085
 -35  20562.915
 -40   6830.826
 -45   1852.155
 -50    576.803
