 150      0.998
 145      1.996
 140      1.996
 135      0.000
 130      2.997
 125      0.999
 120      0.000
 115      0.998
 110      0.998
 105      0.998
 100      1.996
  95      2.994
  90      1.996
  85      2.997
  80      8.990
  75     12.973
  70     17.963
  65     45.905
  60     65.863
  55    134.720
  50    232.518
  45    402.166
  40    690.257
  35   1248.410
  30   2226.380
  25   4380.910
  20  10843.521
  15  37700.809
  10 127919.567
   5 281122.390
   0 385137.225
  -5 423469.724
 -10   3055.641
 -15      0.998
 -20      0.000
 -25      0.000
 -30      0.000
 -35      0.000
 -40      0.000
 -45      0.000
 -50      0.000
