 150   5765.043
 145   6512.493
 140   7390.613
 135   8423.944
 130  10241.032
 125  12745.312
 120  16160.483
 115  21518.349
 110  29787.192
 105  41261.383
 100  58952.614
  95  84575.084
  90 116388.726
  85 155878.431
  80 200361.811
  75 244841.444
  70 279570.611
  65 307956.299
  60 330573.391
  55 345468.154
  50 355399.901
  45 366270.355
  40 377055.911
  35 385768.530
  30 398947.185
  25 413740.488
  20 427532.725
  15 448557.691
  10 470568.570
   5 500459.047
   0 547415.660
  -5 634106.862
 -10 291289.826
 -15   7180.108
 -20     79.834
 -25      0.000
 -30      0.000
 -35      0.000
 -40      0.000
 -45      0.000
 -50      0.000
