 150   3896.918
 145   4412.843
 140   4820.958
 135   5699.878
 130   7011.498
 125   8538.838
 120  10939.301
 115  14297.333
 110  20164.179
 105  29022.778
 100  42324.177
  95  62312.328
  90  90947.375
  85 128506.983
  80 172850.186
  75 219721.298
  70 262793.441
  65 298177.580
  60 323855.999
  55 338629.682
  50 346402.561
  45 350741.562
  40 353989.753
  35 359644.378
  30 360758.426
  25 368066.263
  20 371823.210
  15 381041.719
  10 393594.504
   5 411574.805
   0 441470.390
  -5 516491.829
 -10 248098.204
 -15   3766.189
 -20     21.954
 -25      0.000
 -30      0.000
 -35      0.000
 -40      0.000
 -45      0.000
 -50      0.000
