 150   7771.881
 145   9492.303
 140  11821.376
 135  15455.385
 130  20912.623
 125  27741.206
 120  38283.562
 115  52317.441
 110  71836.938
 105  95685.453
 100 123956.666
  95 155496.567
  90 188474.105
  85 219198.362
  80 243871.082
  75 262012.586
  70 276781.402
  65 286998.765
  60 298805.978
  55 310171.704
  50 320817.624
  45 332909.546
  40 343699.835
  35 355535.907
  30 368227.927
  25 387000.973
  20 401946.764
  15 423545.566
  10 451900.307
   5 486714.581
   0 543306.183
  -5 662864.545
 -10 453456.717
 -15  30324.108
 -20    604.746
 -25      8.981
 -30      0.000
 -35      0.000
 -40      0.000
 -45      0.000
 -50      0.000
