 150   2023.801
 145   2465.886
 140   2740.297
 135   3172.589
 130   3618.125
 125   4425.247
 120   5105.406
 115   6238.056
 110   7849.712
 105  10133.972
 100  14113.700
  95  20722.896
  90  31262.162
  85  48462.902
  80  75152.211
  75 111908.901
  70 160330.155
  65 217230.464
  60 269216.376
  55 312243.096
  50 338456.042
  45 353606.620
  40 360111.160
  35 365914.362
  30 370982.212
  25 380877.679
  20 386511.761
  15 397620.335
  10 411841.429
   5 434058.894
   0 478938.681
  -5 607118.836
 -10 136072.242
 -15   1151.612
 -20      1.996
 -25      0.000
 -30      0.000
 -35      0.000
 -40      0.000
 -45      0.000
 -50      0.000
