 150    214.555
 145    254.472
 140    270.437
 135    319.656
 130    390.581
 125    451.515
 120    478.008
 115    614.724
 110    744.455
 105    983.959
 100   1255.394
  95   1801.257
  90   2740.317
  85   4166.521
  80   6920.560
  75  11419.316
  70  18843.899
  65  28983.887
  60  43173.415
  55  58261.108
  50  73869.794
  45  84397.874
  40  91846.174
  35  96155.477
  30  98762.069
  25 103100.067
  20 106349.431
  15 110594.627
  10 116545.169
   5 122979.694
   0 136349.212
  -5 166410.698
 -10  74088.895
 -15     34.928
 -20      0.000
 -25      0.000
 -30      0.000
 -35      0.000
 -40      0.000
 -45      0.000
 -50      0.000
