 150     12.973
 145     17.963
 140     18.961
 135     37.959
 130     48.948
 125     59.936
 120     79.834
 115    139.710
 110    206.572
 105    267.445
 100    368.235
  95    452.060
  90    611.732
  85    844.093
  80   1153.761
  75   1529.827
  70   2140.558
  65   2843.103
  60   4113.469
  55   5935.683
  50   8925.489
  45  15347.170
  40  30882.739
  35  68021.855
  30 142073.198
  25 256811.117
  20 367828.755
  15 436312.089
  10 463071.127
   5 479174.712
   0 505165.287
  -5 554690.572
 -10  55620.254
 -15      1.996
 -20      0.000
 -25      0.000
 -30      0.000
 -35      0.000
 -40      0.000
 -45      0.000
 -50      0.000
