 150      0.000
 145      0.000
 140      0.000
 135      0.000
 130      0.000
 125      0.000
 120      0.000
 115      0.000
 110      0.000
 105      0.998
 100      0.000
  95      0.998
  90      1.996
  85      0.000
  80      0.000
  75      1.996
  70      1.996
  65      8.981
  60     14.969
  55     23.950
  50     31.934
  45     72.849
  40    107.884
  35    172.642
  30    302.373
  25    600.753
  20   1732.409
  15   6942.601
  10  25164.783
   5  56214.299
   0  79999.082
  -5  95854.198
 -10     11.975
 -15      0.000
 -20      0.000
 -25      0.000
 -30      0.000
 -35      0.000
 -40      0.000
 -45      0.000
 -50      0.000
