 150   9294.723
 145   9713.844
 140  10885.326
 135  12432.647
 130  13154.924
 125  13967.013
 120  18910.760
 115  21367.662
 110  24932.290
 105  28285.308
 100  34620.163
  95  41941.719
  90  52019.112
  85  46199.382
  80  67563.369
  75  85313.061
  70  96960.710
  65 106133.878
  60 127690.043
  55 146588.974
  50 173990.144
  45 194107.421
  40 213371.199
  35 232336.669
  30 245712.147
  25 259675.174
  20 274459.046
  15 291371.695
  10 310836.393
   5 326653.847
   0 345835.737
  -5 377280.275
 -10  27796.212
 -15    691.566
 -20     18.961
 -25      3.992
 -30      0.000
 -35      1.996
 -40      0.998
 -45      1.996
 -50      0.000
