 150      0.998
 145      0.998
 140      0.000
 135      0.999
 130      0.000
 125      0.000
 120      0.998
 115      0.998
 110      3.992
 105      0.998
 100      3.992
  95      2.994
  90      3.992
  85      7.991
  80      9.989
  75     12.973
  70     36.923
  65     79.834
  60    147.694
  55    249.482
  50    438.091
  45    724.497
  40   1163.747
  35   2056.732
  30   3639.448
  25   7001.472
  20  18663.274
  15  64399.436
  10 194858.668
   5 362482.848
   0 445289.470
  -5 485468.139
 -10     22.952
 -15      0.000
 -20      0.000
 -25      0.000
 -30      0.000
 -35      0.000
 -40      0.000
 -45      0.000
 -50      0.000
