 150   4778.090
 145   5532.520
 140   6501.457
 135   7760.657
 130   9632.693
 125  12457.621
 120  16144.500
 115  21658.060
 110  30369.982
 105  42740.314
 100  61315.709
  95  86873.304
  90 121330.361
  85 162443.373
  80 209883.585
  75 256463.096
  70 296080.337
  65 329471.676
  60 353177.157
  55 368596.531
  50 378462.070
  45 385503.466
  40 390323.621
  35 398079.587
  30 405944.665
  25 415009.855
  20 424441.134
  15 437632.351
  10 455653.519
   5 482228.893
   0 529556.699
  -5 649443.353
 -10 151376.440
 -15   2317.194
 -20      8.981
 -25      0.000
 -30      0.000
 -35      0.000
 -40      0.000
 -45      0.000
 -50      0.000
