 150  26504.031
 145  34186.064
 140  43768.830
 135  58067.577
 130  76506.138
 125  99278.375
 120 126419.679
 115 157423.347
 110 191730.160
 105 224208.767
 100 255203.198
  95 281885.678
  90 304161.170
  85 319953.050
  80 332066.361
  75 339771.314
  70 346644.366
  65 352347.232
  60 360875.184
  55 369750.138
  50 375418.382
  45 383349.932
  40 390936.961
  35 399202.256
  30 405772.023
  25 419511.514
  20 431223.075
  15 445778.455
  10 466208.617
   5 488135.630
   0 527748.450
  -5 613786.235
 -10 454785.955
 -15  46564.425
 -20   1697.479
 -25     21.955
 -30      0.000
 -35      0.000
 -40      0.000
 -45      0.000
 -50      0.000
