 150      2.994
 145      1.996
 140      5.988
 135      6.992
 130      3.996
 125      6.992
 120      8.981
 115      3.992
 110     14.969
 105     28.940
 100     46.903
  95     78.836
  90    130.729
  85    194.791
  80    269.710
  75    405.160
  70    550.857
  65    792.357
  60   1209.492
  55   1732.405
  50   2622.561
  45   4042.616
  40   6556.938
  35  13177.656
  30  32387.795
  25  85173.265
  20 188725.771
  15 316531.514
  10 400038.919
   5 430137.465
   0 455098.126
  -5 501437.020
 -10    242.495
 -15      0.000
 -20      0.000
 -25      0.000
 -30      0.000
 -35      0.000
 -40      0.000
 -45      0.000
 -50      0.000
