 150    170.646
 145    233.516
 140    270.437
 135    386.584
 130    509.454
 125    546.413
 120    674.601
 115    855.226
 110    972.982
 105   1410.074
 100   1625.624
  95   2223.378
  90   2736.328
  85   3493.245
  80   4462.208
  75   5795.979
  70   7769.878
  65  11990.132
  60  19714.113
  55  34949.480
  50  64594.032
  45 116149.107
  40 193131.997
  35 283713.295
  30 359636.754
  25 411313.524
  20 433239.029
  15 449778.160
  10 466269.491
   5 488931.467
   0 531275.135
  -5 652108.527
 -10  26753.326
 -15      9.979
 -20      0.000
 -25      0.000
 -30      0.000
 -35      0.000
 -40      0.000
 -45      0.000
 -50      0.000
