 150   3356.040
 145   3683.361
 140   4103.457
 135   4802.837
 130   5532.075
 125   6398.128
 120   7474.498
 115   9314.672
 110  11871.367
 105  15773.270
 100  22590.103
  95  32701.980
  90  48880.670
  85  73094.423
  80 107573.466
  75 153483.828
  70 204912.601
  65 258480.911
  60 305364.674
  55 342151.037
  50 365106.769
  45 378822.323
  40 388467.620
  35 396678.891
  30 403762.193
  25 417594.491
  20 425920.068
  15 440983.400
  10 455307.237
   5 480445.595
   0 518036.592
  -5 594655.684
 -10 345890.202
 -15   4799.047
 -20     14.969
 -25      0.000
 -30      0.000
 -35      0.000
 -40      0.000
 -45      0.000
 -50      0.000
