 150    147.694
 145    189.607
 140    242.495
 135    262.718
 130    359.615
 125    428.540
 120    620.713
 115    712.522
 110    996.932
 105   1160.592
 100   1539.802
  95   1941.963
  90   2512.791
  85   3307.444
  80   4203.485
  75   5281.047
  70   7207.045
  65  10589.038
  60  16732.297
  55  29717.337
  50  55696.485
  45 103235.889
  40 179662.503
  35 274312.801
  30 362999.775
  25 425212.684
  20 448980.366
  15 461188.495
  10 471367.912
   5 482298.231
   0 510501.220
  -5 578063.097
 -10  19416.594
 -15      2.994
 -20      0.000
 -25      0.000
 -30      0.000
 -35      0.000
 -40      0.000
 -45      0.000
 -50      0.000
