 150    267.445
 145    305.367
 140    399.169
 135    520.441
 130    576.383
 125    796.145
 120    874.187
 115   1127.660
 110   1387.122
 105   1712.447
 100   2151.533
  95   2659.468
  90   3334.088
  85   4069.625
  80   5249.362
  75   6955.581
  70   9656.952
  65  15026.834
  60  25220.692
  55  44127.436
  50  80883.248
  45 137544.732
  40 216918.379
  35 301179.053
  30 362377.068
  25 402228.376
  20 417700.108
  15 431856.330
  10 446800.888
   5 463530.710
   0 489769.219
  -5 538396.366
 -10 263305.062
 -15    171.644
 -20      1.996
 -25      0.000
 -30      0.000
 -35      0.000
 -40      0.000
 -45      0.000
 -50      0.000
