 150    217.549
 145    268.443
 140    318.337
 135    418.551
 130    444.524
 125    591.365
 120    647.656
 115    824.290
 110   1019.884
 105   1192.527
 100   1447.995
  95   1958.923
  90   2214.407
  85   2695.103
  80   3592.138
  75   4667.320
  70   6026.489
  65   8735.882
  60  14083.776
  55  24846.468
  50  45234.184
  45  80635.761
  40 133177.701
  35 194884.420
  30 247801.811
  25 289911.144
  20 316647.640
  15 347449.085
  10 378411.418
   5 411058.287
   0 455305.696
  -5 523914.449
 -10 326237.752
 -15    175.636
 -20      0.000
 -25      0.000
 -30      0.000
 -35      0.000
 -40      0.000
 -45      0.000
 -50      0.000
