 150   3095.577
 145   3508.723
 140   3888.907
 135   4412.257
 130   5061.579
 125   5690.888
 120   6567.373
 115   7765.886
 110   9814.635
 105  12164.758
 100  16331.097
  95  23254.630
  90  34498.450
  85  52438.628
  80  80128.861
  75 119174.831
  70 169357.414
  65 228226.658
  60 284832.972
  55 331329.491
  50 361814.597
  45 378956.045
  40 386734.487
  35 392347.487
  30 397284.634
  25 406955.567
  20 412768.331
  15 424077.463
  10 437624.928
   5 455537.305
   0 491993.605
  -5 571372.972
 -10 321003.954
 -15   3887.936
 -20     10.977
 -25      0.000
 -30      0.000
 -35      0.000
 -40      0.000
 -45      0.000
 -50      0.000
