 150     54.886
 145     76.841
 140    114.761
 135    139.850
 130    166.821
 125    242.739
 120    288.402
 115    404.161
 110    510.940
 105    650.651
 100    854.227
  95   1078.758
  90   1495.898
  85   1931.923
  80   2590.216
  75   3319.116
  70   4449.767
  65   6473.574
  60  10610.982
  55  19584.362
  50  38882.358
  45  76468.328
  40 136578.042
  35 213480.029
  30 284245.191
  25 328798.743
  20 348058.127
  15 355832.004
  10 361390.116
   5 373934.712
   0 388772.685
  -5 426428.162
 -10  13262.414
 -15      0.000
 -20      0.000
 -25      0.000
 -30      0.000
 -35      0.000
 -40      0.000
 -45      0.000
 -50      0.000
