 150   6282.969
 145   7251.952
 140   8490.315
 135  10089.154
 130  12602.515
 125  17385.328
 120  22740.813
 115  30346.032
 110  42886.012
 105  58585.435
 100  83460.736
  95 114184.496
  90 152227.281
  85 194047.399
  80 233628.083
  75 270217.569
  70 301848.363
  65 321087.065
  60 337078.562
  55 349274.604
  50 357129.314
  45 365524.901
  40 373219.043
  35 383028.832
  30 390650.400
  25 407568.296
  20 418060.361
  15 438871.780
  10 462290.747
   5 495011.356
   0 549667.989
  -5 676496.300
 -10 151389.413
 -15   2906.971
 -20     30.936
 -25      0.998
 -30      0.000
 -35      0.000
 -40      0.000
 -45      0.000
 -50      0.000
