 150    935.061
 145    988.949
 140   1154.595
 135   1402.495
 130   1710.170
 125   2067.781
 120   2357.109
 115   2723.349
 110   3530.674
 105   4281.121
 100   5292.019
  95   7112.200
  90   9912.442
  85  14608.296
  80  23299.953
  75  37838.523
  70  60553.291
  65  95570.786
  60 140055.385
  55 188891.240
  50 235121.358
  45 269186.707
  40 294334.296
  35 312688.858
  30 331075.019
  25 353475.186
  20 371681.389
  15 394701.179
  10 420814.389
   5 450948.634
   0 492077.431
  -5 552960.266
 -10 290154.768
 -15     83.826
 -20      0.000
 -25      0.000
 -30      0.000
 -35      0.000
 -40      0.000
 -45      0.000
 -50      0.000
