 150   4808.028
 145   4921.787
 140   5541.457
 135   5932.628
 130   6154.415
 125   6423.108
 120   7811.791
 115   8401.567
 110   9353.601
 105  10022.204
 100  11432.278
  95  13244.438
  90  15940.938
  85  14350.587
  80  20401.069
  75  25383.355
  70  29681.381
  65  32999.559
  60  41838.186
  55  52977.125
  50  73053.487
  45  91295.653
  40 113630.620
  35 143494.106
  30 168773.794
  25 194021.406
  20 223198.310
  15 251641.096
  10 276825.034
   5 296984.351
   0 321216.796
  -5 364126.530
 -10  11112.896
 -15    253.474
 -20      9.979
 -25      0.000
 -30      0.000
 -35      0.000
 -40      0.998
 -45      0.000
 -50      0.997
