 150    145.698
 145    175.636
 140    225.531
 135    271.708
 130    341.634
 125    419.549
 120    514.932
 115    643.664
 110    832.273
 105   1032.858
 100   1304.292
  95   1616.641
  90   2185.467
  85   2713.083
  80   3492.246
  75   4539.585
  70   6205.124
  65   9484.330
  60  15887.034
  55  29330.140
  50  55062.800
  45  99442.656
  40 162260.408
  35 234112.217
  30 295361.126
  25 332391.288
  20 348883.416
  15 355908.845
  10 361064.791
   5 373212.211
   0 387414.502
  -5 422914.453
 -10  63285.366
 -15     14.969
 -20      0.000
 -25      0.000
 -30      0.000
 -35      0.000
 -40      0.000
 -45      0.000
 -50      0.000
