 150    406.158
 145    485.992
 140    585.780
 135    697.251
 130    856.084
 125   1025.899
 120   1200.509
 115   1582.716
 110   1908.043
 105   2270.289
 100   2816.156
  95   3511.692
  90   4404.864
  85   5619.964
  80   7661.764
  75  10682.844
  70  16923.866
  65  29025.800
  60  50764.663
  55  88915.589
  50 145418.402
  45 212353.579
  40 276442.272
  35 322231.048
  30 343726.767
  25 362288.252
  20 370576.794
  15 386714.953
  10 402224.580
   5 424516.976
   0 463513.673
  -5 558986.779
 -10  10448.278
 -15      3.992
 -20      0.998
 -25      0.000
 -30      0.000
 -35      0.000
 -40      0.000
 -45      0.000
 -50      0.000
