 150   3328.098
 145   3781.154
 140   4352.933
 135   5378.218
 130   6417.134
 125   7909.505
 120  10276.676
 115  13900.157
 110  18997.580
 105  27241.474
 100  39890.188
  95  57479.443
  90  81903.133
  85 111956.647
  80 147939.113
  75 184776.773
  70 217717.019
  65 245756.301
  60 270803.084
  55 289795.963
  50 303542.453
  45 318642.136
  40 331560.909
  35 345210.343
  30 360956.016
  25 380971.484
  20 396776.482
  15 421454.903
  10 447326.797
   5 479304.963
   0 536300.712
  -5 667525.886
 -10 430314.806
 -15   8014.378
 -20     42.911
 -25      0.000
 -30      0.000
 -35      0.000
 -40      0.000
 -45      0.000
 -50      0.000
