 150      0.000
 145      0.000
 140      0.000
 135      0.000
 130      0.000
 125      0.000
 120      0.000
 115      0.000
 110      0.000
 105      0.000
 100      0.998
  95      0.998
  90      0.998
  85      0.000
  80      0.000
  75      0.998
  70      1.996
  65      4.990
  60      2.994
  55      6.986
  50     17.963
  45     43.909
  40    109.882
  35    256.468
  30    537.884
  25   1044.832
  20   1995.863
  15   4439.792
  10  13571.838
   5  69213.313
   0 247029.660
  -5 395485.763
 -10     28.940
 -15      0.000
 -20      0.000
 -25      0.000
 -30      0.000
 -35      0.000
 -40      0.000
 -45      0.000
 -50      0.000
