 150      0.998
 145      0.000
 140      2.994
 135      2.997
 130      2.997
 125      7.991
 120      8.981
 115      6.986
 110     17.963
 105     20.957
 100     39.917
  95     44.907
  90     66.861
  85     92.900
  80    109.882
  75    150.687
  70    178.629
  65    262.456
  60    359.255
  55    479.006
  50    746.452
  45   1321.258
  40   2787.001
  35   6866.751
  30  17169.374
  25  36775.690
  20  63498.305
  15  84905.905
  10  96735.274
   5 105157.693
   0 115961.496
  -5 136165.457
 -10    181.622
 -15      0.000
 -20      0.000
 -25      0.000
 -30      0.000
 -35      0.000
 -40      0.000
 -45      0.000
 -50      0.000
