 150    146.696
 145    217.549
 140    241.497
 135    302.675
 130    393.578
 125    485.479
 120    615.723
 115    801.338
 110    960.009
 105   1213.482
 100   1533.814
  95   1961.921
  90   2518.779
  85   3156.607
  80   4022.680
  75   5135.349
  70   7078.313
  65  10223.796
  60  16392.003
  55  29455.879
  50  54286.410
  45  99891.824
  40 171954.805
  35 259824.863
  30 340912.606
  25 399151.760
  20 428395.080
  15 450869.896
  10 474838.710
   5 498345.932
   0 532851.865
  -5 596031.830
 -10  56565.288
 -15     12.973
 -20      0.000
 -25      0.000
 -30      0.000
 -35      0.000
 -40      0.000
 -45      0.000
 -50      0.000
