 150   3989.725
 145   4461.746
 140   5312.933
 135   6371.164
 130   8104.328
 125  10374.868
 120  13535.913
 115  18682.234
 110  26209.615
 105  36277.760
 100  51814.485
  95  72683.745
  90  99993.613
  85 132666.384
  80 166990.485
  75 201784.499
  70 231216.994
  65 255809.451
  60 276905.421
  55 293097.117
  50 305833.701
  45 319827.677
  40 334201.399
  35 348880.724
  30 363472.794
  25 381578.842
  20 399505.626
  15 422330.930
  10 447977.998
   5 481064.235
   0 529390.045
  -5 612396.115
 -10 455969.040
 -15  16035.742
 -20    145.698
 -25      0.000
 -30      0.998
 -35      0.000
 -40      0.998
 -45      0.000
 -50      0.000
