 150      0.000
 145      0.998
 140      0.000
 135      0.000
 130      0.999
 125      0.000
 120      0.998
 115      0.998
 110      3.992
 105      1.996
 100      2.994
  95      1.996
  90      2.994
  85      2.997
  80      4.995
  75      1.996
  70      5.988
  65     22.952
  60     31.934
  55     55.884
  50    127.735
  45    251.478
  40    440.526
  35    791.358
  30   1586.708
  25   2998.778
  20   7737.959
  15  28699.477
  10 111784.048
   5 278145.847
   0 398984.506
  -5 453529.380
 -10      0.000
 -15      0.000
 -20      0.000
 -25      0.000
 -30      0.000
 -35      0.000
 -40      0.000
 -45      0.000
 -50      0.000
