 150   4619.419
 145   5321.962
 140   6242.004
 135   7610.818
 130   9210.136
 125  11975.139
 120  16447.887
 115  22437.442
 110  32093.406
 105  46137.265
 100  65969.048
  95  92385.837
  90 127786.099
  85 168889.444
  80 210635.777
  75 249617.543
  70 281595.408
  65 306811.673
  60 325045.855
  55 341681.012
  50 350525.011
  45 362484.208
  40 371884.480
  35 384115.959
  30 393982.486
  25 411456.228
  20 422574.004
  15 442986.247
  10 467001.971
   5 499143.778
   0 549519.297
  -5 655955.548
 -10 262136.494
 -15   5431.735
 -20     32.932
 -25      0.998
 -30      0.000
 -35      0.000
 -40      0.000
 -45      0.000
 -50      0.000
