 150     38.919
 145     56.882
 140     89.813
 135    126.864
 130    164.823
 125    240.741
 120    294.389
 115    401.168
 110    472.021
 105    635.681
 100    840.255
  95   1046.824
  90   1351.199
  85   1699.173
  80   2358.467
  75   3067.638
  70   3981.738
  65   5422.753
  60   7376.701
  55  10699.798
  50  18266.116
  45  35392.596
  40  72870.518
  35 144700.746
  30 249160.991
  25 359414.216
  20 424562.034
  15 454716.917
  10 469716.339
   5 484403.862
   0 509356.594
  -5 563402.503
 -10  20704.913
 -15      1.996
 -20      0.000
 -25      0.000
 -30      0.000
 -35      0.000
 -40      0.000
 -45      0.000
 -50      0.000
