 150   1515.856
 145   1866.128
 140   2021.789
 135   2494.319
 130   2954.838
 125   3279.478
 120   3910.885
 115   4777.088
 110   5799.965
 105   7170.122
 100   9443.396
  95  12803.369
  90  18409.818
  85  27427.515
  80  42325.542
  75  65936.248
  70  99713.994
  65 144660.973
  60 199563.905
  55 256568.876
  50 301237.234
  45 335098.007
  40 354670.020
  35 368743.489
  30 379502.532
  25 396349.575
  20 406341.654
  15 423786.068
  10 444739.166
   5 469031.291
   0 511853.416
  -5 599908.989
 -10 377069.450
 -15   3614.504
 -20      9.979
 -25      0.000
 -30      0.000
 -35      0.000
 -40      0.000
 -45      0.000
 -50      0.000
