 150   3195.373
 145   3664.396
 140   4249.149
 135   5045.576
 130   6049.527
 125   7456.991
 120   9361.575
 115  12155.777
 110  16643.465
 105  23706.808
 100  35172.981
  95  52190.444
  90  78727.719
  85 114388.033
  80 161226.842
  75 213542.114
  70 263648.665
  65 308956.225
  60 341782.801
  55 362591.984
  50 375330.564
  45 383486.649
  40 388859.199
  35 397079.663
  30 405405.783
  25 414825.238
  20 424810.368
  15 438663.212
  10 457798.069
   5 486359.318
   0 538741.650
  -5 673604.292
 -10  45246.977
 -15     39.917
 -20      0.000
 -25      0.000
 -30      0.000
 -35      0.000
 -40      0.000
 -45      0.000
 -50      0.000
