 150      0.000
 145      0.000
 140      0.000
 135      0.000
 130      0.000
 125      0.000
 120      0.000
 115      0.000
 110      0.000
 105      0.000
 100      0.000
  95      0.000
  90      0.000
  85      1.998
  80      0.000
  75      0.000
  70      0.000
  65      0.998
  60      0.000
  55      0.000
  50      0.998
  45      3.992
  40      0.999
  35     13.971
  30     30.936
  25     75.843
  20    142.704
  15    397.176
  10   1442.008
   5   9779.697
   0  42250.373
  -5  74747.973
 -10      0.000
 -15      0.000
 -20      0.000
 -25      0.000
 -30      0.000
 -35      0.000
 -40      0.000
 -45      0.000
 -50      0.000
