 150     59.876
 145     68.857
 140    108.774
 135    159.828
 130    186.800
 125    242.739
 120    339.296
 115    404.161
 110    465.035
 105    682.584
 100    828.280
  95   1067.779
  90   1338.226
  85   1870.989
  80   2420.400
  75   3018.742
  70   4075.539
  65   5399.801
  60   8197.997
  55  14576.753
  50  28347.208
  45  56885.020
  40 112343.007
  35 187762.393
  30 262570.167
  25 316105.082
  20 344904.014
  15 367815.151
  10 392361.849
   5 420658.713
   0 462680.401
  -5 530791.139
 -10  17245.113
 -15      0.998
 -20      0.000
 -25      0.000
 -30      0.000
 -35      0.000
 -40      0.000
 -45      0.000
 -50      0.000
