 150   1495.898
 145   1713.445
 140   1980.874
 135   2377.444
 130   2744.064
 125   3230.530
 120   3703.316
 115   4381.908
 110   5783.000
 105   7125.215
 100   9015.284
  95  12433.139
  90  18307.031
  85  27950.953
  80  43358.433
  75  68359.223
  70 104473.114
  65 153981.642
  60 210638.924
  55 262840.868
  50 303181.202
  45 327091.612
  40 340151.657
  35 351745.776
  30 359275.503
  25 373843.275
  20 383718.551
  15 399864.681
  10 417782.102
   5 446422.227
   0 492751.034
  -5 596633.775
 -10  66080.684
 -15    266.447
 -20      0.000
 -25      0.000
 -30      0.000
 -35      0.000
 -40      0.000
 -45      0.000
 -50      0.000
