 150     44.907
 145     38.919
 140     57.880
 135     85.908
 130     93.899
 125    125.865
 120    162.662
 115    208.567
 110    245.491
 105    280.418
 100    410.149
  95    475.013
  90    607.740
  85    842.095
  80   1009.914
  75   1231.446
  70   1627.623
  65   2428.962
  60   4018.661
  55   7320.809
  50  15496.860
  45  30779.133
  40  58617.927
  35  96579.597
  30 135624.579
  25 161064.791
  20 173449.266
  15 176242.473
  10 180004.491
   5 186122.609
   0 192786.162
  -5 213229.549
 -10  13991.897
 -15      0.998
 -20      0.000
 -25      0.000
 -30      0.000
 -35      0.000
 -40      0.000
 -45      0.000
 -50      0.000
