 150    737.470
 145    897.139
 140   1008.900
 135   1240.666
 130   1498.395
 125   1779.089
 120   2197.440
 115   2532.745
 110   3177.407
 105   3699.324
 100   4450.760
  95   5352.866
  90   6889.711
  85   9150.164
  80  12718.328
  75  19609.330
  70  31697.197
  65  54462.046
  60  92243.595
  55 148800.240
  50 218744.324
  45 289734.091
  40 342441.191
  35 373981.614
  30 387141.681
  25 397488.212
  20 402847.896
  15 411800.925
  10 421874.610
   5 434582.806
   0 461801.224
  -5 517995.677
 -10 196841.962
 -15    405.160
 -20      0.000
 -25      0.000
 -30      0.000
 -35      0.000
 -40      0.000
 -45      0.000
 -50      0.000
