 150     13.971
 145     24.948
 140     31.934
 135     61.933
 130     72.922
 125    129.861
 120    160.667
 115    219.545
 110    305.367
 105    417.134
 100    510.939
  95    718.506
  90    943.045
  85   1241.665
  80   1670.206
  75   2263.306
  70   2989.796
  65   3994.715
  60   5206.202
  55   7448.544
  50  11695.743
  45  20691.087
  40  42654.062
  35  91343.462
  30 179512.512
  25 297543.597
  20 396467.330
  15 448516.776
  10 468267.345
   5 479758.501
   0 498475.163
  -5 543590.593
 -10  23522.051
 -15      0.000
 -20      0.000
 -25      0.000
 -30      0.000
 -35      0.000
 -40      0.000
 -45      0.000
 -50      0.000
