 150  10762.678
 145  12913.205
 140  15997.677
 135  20725.741
 130  27381.702
 125  36347.999
 120  49002.320
 115  67110.745
 110  88886.649
 105 118595.913
 100 151150.363
  95 189350.961
  90 226562.110
  85 260444.283
  80 286754.739
  75 308110.978
  70 321786.970
  65 331637.184
  60 343454.332
  55 353586.661
  50 362826.498
  45 372853.701
  40 380124.606
  35 392588.985
  30 402469.875
  25 419604.321
  20 432976.440
  15 453865.683
  10 479769.519
   5 513491.532
   0 572586.456
  -5 714762.013
 -10 344029.762
 -15  15737.361
 -20    272.435
 -25      3.992
 -30      0.000
 -35      0.000
 -40      0.000
 -45      0.000
 -50      0.000
