 150  22060.225
 145  28301.303
 140  36055.968
 135  47585.845
 130  62116.473
 125  80104.967
 120 101058.304
 115 126254.023
 110 151839.932
 105 178360.901
 100 201708.254
  95 224477.088
  90 240980.207
  85 256374.398
  80 268561.297
  75 281115.965
  70 288700.657
  65 300174.438
  60 313429.634
  55 327964.474
  50 339708.445
  45 353368.115
  40 367115.616
  35 383524.803
  30 399328.394
  25 421968.416
  20 440448.949
  15 469706.828
  10 499174.214
   5 535733.817
   0 589955.432
  -5 690506.889
 -10 390935.636
 -15  24438.315
 -20    661.628
 -25     12.973
 -30      0.000
 -35      0.000
 -40      0.000
 -45      0.000
 -50      0.000
