 150   4521.622
 145   5231.145
 140   5855.802
 135   6869.615
 130   8474.932
 125  10380.851
 120  13391.213
 115  17558.566
 110  23931.342
 105  34531.347
 100  48290.748
  95  67100.431
  90  90516.269
  85 120406.563
  80 151316.486
  75 180274.111
  70 206782.719
  65 229738.522
  60 250030.187
  55 267487.231
  50 282844.381
  45 299797.221
  40 315071.668
  35 333027.635
  30 351662.301
  25 377235.237
  20 397059.895
  15 426564.306
  10 456468.827
   5 496045.210
   0 558138.421
  -5 699884.839
 -10 418530.294
 -15  10128.992
 -20     95.801
 -25      1.996
 -30      0.000
 -35      0.000
 -40      0.000
 -45      0.000
 -50      0.000
