 150   1805.254
 145   2092.660
 140   2435.931
 135   2693.105
 130   3283.483
 125   3747.975
 120   4274.131
 115   5113.390
 110   6036.474
 105   7455.530
 100   9794.666
  95  13393.142
  90  19023.545
  85  28236.646
  80  43751.967
  75  67923.127
  70 104421.222
  65 152104.535
  60 208950.428
  55 265839.383
  50 309559.973
  45 338991.931
  40 354758.925
  35 365330.574
  30 371453.235
  25 385154.804
  20 392682.968
  15 408625.511
  10 424444.278
   5 448772.349
   0 490807.066
  -5 589552.269
 -10 154686.561
 -15    765.413
 -20      3.992
 -25      1.996
 -30      0.000
 -35      0.000
 -40      0.000
 -45      0.000
 -50      0.000
