 150      9.979
 145     23.950
 140     35.925
 135     53.942
 130     66.928
 125     81.912
 120    100.791
 115    137.714
 110    181.623
 105    250.481
 100    329.317
  95    409.149
  90    588.779
  85    656.294
  80    904.028
  75   1217.475
  70   1500.884
  65   2082.681
  60   2812.165
  55   4000.703
  50   6693.118
  45  12193.710
  40  25893.139
  35  55755.252
  30 105980.091
  25 174998.703
  20 230624.224
  15 271246.976
  10 300360.452
   5 329142.018
   0 371213.104
  -5 440298.701
 -10   3670.369
 -15      0.998
 -20      0.000
 -25      0.000
 -30      0.000
 -35      0.000
 -40      0.000
 -45      0.000
 -50      0.000
