 150      0.000
 145      0.000
 140      0.000
 135      0.000
 130      0.999
 125      0.000
 120      0.998
 115      0.000
 110      0.000
 105      0.000
 100      0.998
  95      1.996
  90      3.992
  85      0.999
  80      1.998
  75      0.998
  70      8.981
  65      5.988
  60     21.954
  55     40.915
  50     87.818
  45    149.690
  40    312.663
  35    576.803
  30   1083.751
  25   2201.432
  20   5081.466
  15  16542.690
  10  69613.552
   5 215445.950
   0 379391.143
  -5 447726.415
 -10      4.990
 -15      0.000
 -20      0.000
 -25      0.000
 -30      0.000
 -35      0.000
 -40      0.000
 -45      0.000
 -50      0.000
