 150      6.986
 145     21.954
 140     22.952
 135     27.970
 130     55.940
 125     73.921
 120    102.787
 115    127.735
 110    154.679
 105    212.559
 100    297.383
  95    341.291
  90    572.812
  85    677.272
  80    918.013
  75   1197.516
  70   1550.782
  65   2035.778
  60   2873.038
  55   4090.512
  50   7027.425
  45  13724.522
  40  29793.942
  35  64334.506
  30 124014.670
  25 200335.304
  20 260286.166
  15 288199.275
  10 295187.486
   5 306845.988
   0 316631.307
  -5 347500.936
 -10  40356.059
 -15      0.000
 -20      0.000
 -25      0.000
 -30      0.000
 -35      0.000
 -40      0.000
 -45      0.000
 -50      0.000
