 150  15801.212
 145  20608.258
 140  26612.619
 135  35451.889
 130  47911.687
 125  63352.959
 120  84299.079
 115 109575.631
 110 139803.907
 105 174839.209
 100 209202.695
  95 241176.353
  90 268824.458
  85 291285.868
  80 305881.178
  75 317399.713
  70 325730.783
  65 332150.121
  60 340633.186
  55 348396.078
  50 354845.051
  45 362368.448
  40 369491.058
  35 379153.877
  30 386891.201
  25 401337.225
  20 413288.253
  15 433027.900
  10 457150.413
   5 487630.679
   0 544399.915
  -5 676957.989
 -10 533865.627
 -15  62823.704
 -20   1964.925
 -25     26.944
 -30      0.000
 -35      0.000
 -40      0.000
 -45      0.000
 -50      0.000
