 150   4096.500
 145   4799.047
 140   5320.927
 135   6304.223
 130   7530.934
 125   9233.084
 120  11512.112
 115  15247.362
 110  20538.383
 105  28621.610
 100  40754.394
  95  59172.920
  90  84324.112
  85 117839.323
  80 157946.208
  75 203319.316
  70 246039.223
  65 282340.426
  60 311366.914
  55 335078.712
  50 346138.110
  45 356372.883
  40 366702.062
  35 376188.034
  30 386808.373
  25 404049.597
  20 415126.443
  15 433174.596
  10 453126.762
   5 479860.809
   0 516750.260
  -5 574631.215
 -10 650008.283
 -15  49905.496
 -20    428.112
 -25      2.994
 -30      0.000
 -35      0.000
 -40      0.000
 -45      0.000
 -50      0.000
