 150   2106.631
 145   2595.617
 140   2997.759
 135   3437.305
 130   4156.548
 125   4734.915
 120   5573.441
 115   6539.431
 110   8328.718
 105  10549.111
 100  13923.096
  95  19722.976
  90  29088.699
  85  43740.978
  80  67692.298
  75 102235.067
  70 148852.981
  65 208208.176
  60 271597.706
  55 327988.424
  50 369057.575
  45 394864.052
  40 407567.050
  35 416427.912
  30 420974.478
  25 430643.415
  20 437680.688
  15 448699.397
  10 462041.264
   5 478382.877
   0 515859.108
  -5 593491.099
 -10 237847.040
 -15   2350.126
 -20     11.975
 -25      0.000
 -30      0.000
 -35      0.000
 -40      0.000
 -45      0.000
 -50      0.000
