 150   4343.986
 145   4897.842
 140   5797.934
 135   6939.540
 130   8632.754
 125  11037.146
 120  14766.360
 115  19860.789
 110  28469.925
 105  40875.184
 100  58347.870
  95  83990.300
  90 114879.739
  85 152707.839
  80 193271.233
  75 230400.150
  70 263140.720
  65 288254.161
  60 309596.587
  55 324366.939
  50 335718.719
  45 347300.698
  40 356297.268
  35 368777.418
  30 380815.807
  25 399450.141
  20 413869.049
  15 434815.193
  10 458449.717
   5 487077.826
   0 533048.457
  -5 646322.527
 -10 200902.525
 -15   3560.615
 -20     19.959
 -25      0.000
 -30      0.000
 -35      0.000
 -40      0.000
 -45      0.000
 -50      0.000
