 150     19.959
 145     49.897
 140     68.857
 135     85.908
 130    103.889
 125    101.891
 120    153.681
 115    149.689
 110    202.580
 105    240.501
 100    315.345
  95    351.270
  90    466.033
  85    575.381
  80    795.145
  75    982.961
  70   1472.944
  65   2262.308
  60   4016.665
  55   7536.362
  50  15590.665
  45  29455.879
  40  50638.513
  35  76260.759
  30  97930.794
  25 110976.723
  20 116551.273
  15 119858.414
  10 122302.223
   5 127357.606
   0 136379.150
  -5 158903.276
 -10   3334.065
 -15      0.998
 -20      0.000
 -25      0.000
 -30      0.000
 -35      0.000
 -40      0.000
 -45      0.000
 -50      0.000
