 150     16.965
 145     15.967
 140     19.958
 135     18.980
 130     49.946
 125     52.943
 120     86.820
 115    107.776
 110    132.725
 105    173.640
 100    239.503
  95    281.415
  90    380.211
  85    493.470
  80    673.276
  75    859.218
  70   1147.619
  65   1576.730
  60   2121.598
  55   3172.417
  50   5540.509
  45  11382.382
  40  24989.112
  35  53192.625
  30 100612.230
  25 157847.467
  20 201505.078
  15 219562.627
  10 225489.110
   5 235117.895
   0 243348.296
  -5 270358.007
 -10  17587.418
 -15      0.000
 -20      0.000
 -25      0.000
 -30      0.000
 -35      0.000
 -40      0.000
 -45      0.000
 -50      0.000
