 150   1876.109
 145   2322.181
 140   2537.714
 135   2937.845
 130   3395.367
 125   4044.660
 120   4718.210
 115   5613.352
 110   7148.175
 105   9524.237
 100  12822.394
  95  18416.675
  90  27220.545
  85  41656.261
  80  62945.334
  75  93344.404
  70 131068.901
  65 175020.009
  60 218601.402
  55 254334.510
  50 282337.432
  45 302679.243
  40 317429.129
  35 331673.446
  30 346372.278
  25 364739.166
  20 383162.704
  15 405026.974
  10 431045.718
   5 462776.664
   0 508908.524
  -5 604120.263
 -10  45761.861
 -15    114.762
 -20      0.000
 -25      0.000
 -30      0.000
 -35      0.000
 -40      0.000
 -45      0.000
 -50      0.000
