 150   9990.280
 145  12062.969
 140  14905.951
 135  19176.405
 130  25452.766
 125  33817.714
 120  46027.493
 115  61865.629
 110  82993.871
 105 109309.183
 100 138498.615
  95 171427.260
  90 203279.399
  85 231583.280
  80 251928.177
  75 267823.534
  70 277787.314
  65 286495.808
  60 296853.030
  55 306227.883
  50 314064.630
  45 322805.501
  40 330851.673
  35 341794.435
  30 350718.260
  25 365520.545
  20 376792.908
  15 396677.291
  10 418625.515
   5 449310.579
   0 498723.647
  -5 587139.447
 -10 403090.974
 -15  23167.950
 -20    473.019
 -25      1.996
 -30      0.000
 -35      0.000
 -40      0.000
 -45      0.000
 -50      0.000
