 150      0.998
 145      0.998
 140      1.996
 135      0.999
 130      0.999
 125      0.000
 120      2.994
 115      1.996
 110      4.990
 105      5.988
 100      3.992
  95     12.973
  90     13.971
  85     29.968
  80     47.948
  75     88.816
  70    147.694
  65    278.423
  60    372.228
  55    655.640
  50    980.965
  45   1568.746
  40   2578.223
  35   4253.175
  30   7614.201
  25  18717.162
  20  55468.015
  15 157471.404
  10 318702.692
   5 423141.980
   0 453096.278
  -5 479772.951
 -10     64.865
 -15      0.000
 -20      0.000
 -25      0.000
 -30      0.000
 -35      0.000
 -40      0.000
 -45      0.000
 -50      0.000
