 150      3.992
 145      2.994
 140      5.988
 135     11.987
 130     18.980
 125     30.967
 120     31.934
 115     44.907
 110     45.905
 105     72.849
 100     95.801
  95    123.743
  90    159.669
  85    178.808
  80    245.736
  75    341.292
  70    424.120
  65    574.808
  60    787.366
  55   1235.436
  50   2296.238
  45   4896.839
  40  10849.326
  35  23561.111
  30  44652.346
  25  70181.374
  20  90427.453
  15 100541.477
  10 107290.372
   5 114639.009
   0 124921.912
  -5 142068.208
 -10   4138.392
 -15      0.000
 -20      0.000
 -25      0.000
 -30      0.000
 -35      0.000
 -40      0.000
 -45      0.000
 -50      0.000
