 150     99.793
 145    142.704
 140    155.676
 135    225.757
 130    292.687
 125    359.614
 120    497.967
 115    617.719
 110    712.522
 105    972.981
 100   1218.469
  95   1548.780
  90   1992.869
  85   2656.145
  80   3390.359
  75   4344.988
  70   5554.474
  65   7665.103
  60  11743.644
  55  19510.516
  50  37059.139
  45  71019.705
  40 133968.716
  35 226987.002
  30 323197.365
  25 396491.281
  20 433515.455
  15 451340.919
  10 465347.404
   5 480750.443
   0 508580.205
  -5 563739.804
 -10  35645.821
 -15      7.983
 -20      0.000
 -25      0.000
 -30      0.000
 -35      0.000
 -40      0.000
 -45      0.000
 -50      0.000
