 150   5101.415
 145   5992.571
 140   7040.349
 135   8893.440
 130  11419.769
 125  15030.857
 120  20340.793
 115  28576.703
 110  40371.230
 105  57373.949
 100  79890.148
  95 109095.082
  90 144837.607
  85 183127.138
  80 219713.808
  75 251668.040
  70 276074.869
  65 295557.015
  60 312816.905
  55 325559.464
  50 337425.180
  45 347836.587
  40 359152.193
  35 372496.697
  30 384931.268
  25 403893.920
  20 419703.954
  15 442967.286
  10 471413.816
   5 505901.748
   0 563148.031
  -5 686889.391
 -10 276380.681
 -15   6654.199
 -20     53.888
 -25      2.994
 -30      0.000
 -35      0.000
 -40      0.000
 -45      0.000
 -50      0.000
