 150      8.981
 145      9.979
 140     13.971
 135      4.995
 130     28.969
 125     27.970
 120     49.897
 115     96.799
 110    112.766
 105    192.600
 100    249.482
  95    349.274
  90    496.969
  85    671.278
  80    846.090
  75   1077.765
  70   1544.795
  65   2135.571
  60   2889.008
  55   4018.661
  50   5975.607
  45   9668.947
  40  18362.224
  35  40297.383
  30  89346.606
  25 179100.367
  20 287146.745
  15 371638.222
  10 416605.543
   5 445657.261
   0 483562.092
  -5 562944.453
 -10   1929.984
 -15      0.998
 -20      0.000
 -25      0.000
 -30      0.000
 -35      0.000
 -40      0.000
 -45      0.000
 -50      0.000
