 150   1428.038
 145   1504.879
 140   1800.250
 135   2058.791
 130   2425.405
 125   2870.920
 120   3219.320
 115   3842.028
 110   4944.740
 105   6136.273
 100   7911.583
  95  11129.839
  90  15897.030
  85  23762.455
  80  37111.106
  75  57953.804
  70  86615.187
  65 125887.908
  60 170898.386
  55 215040.007
  50 253064.145
  45 280239.783
  40 301057.063
  35 317858.127
  30 335320.211
  25 357045.773
  20 374551.431
  15 396861.703
  10 422678.519
   5 452543.330
   0 494149.135
  -5 557641.567
 -10 228162.650
 -15   1013.897
 -20      0.998
 -25      0.000
 -30      0.000
 -35      0.000
 -40      0.000
 -45      0.000
 -50      0.000
