 150   2711.377
 145   3146.474
 140   3450.815
 135   4137.552
 130   4773.887
 125   5673.906
 120   7057.363
 115   8860.614
 110  11589.951
 105  16192.401
 100  22789.689
  95  33453.417
  90  50620.065
  85  74110.331
  80 107510.534
  75 150849.289
  70 198553.802
  65 246048.695
  60 287192.363
  55 320267.445
  50 339362.163
  45 354146.500
  40 366792.964
  35 379323.903
  30 390290.148
  25 408680.987
  20 423011.098
  15 441907.484
  10 466898.186
   5 497479.233
   0 550145.997
  -5 665624.495
 -10 245867.350
 -15   2649.505
 -20      9.979
 -25      0.000
 -30      0.000
 -35      0.000
 -40      0.000
 -45      0.000
 -50      0.000
