 150      0.998
 145      0.998
 140      1.996
 135      0.000
 130      1.998
 125      0.999
 120      1.996
 115      2.994
 110      3.992
 105      3.992
 100      7.983
  95      7.983
  90      9.979
  85     23.974
  80     29.968
  75     75.843
  70     97.797
  65    164.658
  60    256.468
  55    425.118
  50    657.636
  45   1071.777
  40   1691.179
  35   2849.088
  30   5339.920
  25  13422.149
  20  39772.552
  15 112953.734
  10 235150.064
   5 334765.362
   0 386990.382
  -5 437306.027
 -10   3978.720
 -15      0.000
 -20      0.000
 -25      0.000
 -30      0.000
 -35      0.000
 -40      0.000
 -45      0.000
 -50      0.000
