 150      0.000
 145      0.000
 140      0.998
 135      0.999
 130      1.998
 125      0.000
 120      0.000
 115      0.998
 110      0.998
 105      0.998
 100      0.998
  95      0.998
  90      0.000
  85      2.997
  80      1.998
  75      4.990
  70      5.988
  65     21.954
  60     37.921
  55     93.805
  50    156.675
  45    247.487
  40    488.474
  35    811.317
  30   1579.722
  25   3128.508
  20   7300.865
  15  26720.582
  10 103592.047
   5 259773.969
   0 377617.821
  -5 423832.970
 -10     14.969
 -15      0.000
 -20      0.000
 -25      0.000
 -30      0.000
 -35      0.000
 -40      0.000
 -45      0.000
 -50      0.000
