 150      0.000
 145      0.000
 140      0.000
 135      0.000
 130      0.000
 125      0.999
 120      0.998
 115      0.000
 110      0.000
 105      0.000
 100      1.996
  95      0.998
  90      0.000
  85      0.999
  80      0.000
  75      0.000
  70      1.996
  65      0.998
  60      2.994
  55      1.996
  50      8.981
  45     20.957
  40     39.957
  35    123.743
  30    253.474
  25    623.706
  20   1384.131
  15   3646.437
  10  16132.525
   5  93683.607
   0 297730.507
  -5 425709.079
 -10      0.000
 -15      0.000
 -20      0.000
 -25      0.000
 -30      0.000
 -35      0.000
 -40      0.000
 -45      0.000
 -50      0.000
