 150   6179.184
 145   7126.213
 140   8033.267
 135   9734.545
 130  12084.070
 125  15152.741
 120  20049.398
 115  26596.812
 110  36892.485
 105  51530.075
 100  71072.525
  95  97625.841
  90 130154.060
  85 165626.118
  80 201848.013
  75 233910.869
  70 259367.553
  65 279080.188
  60 292891.251
  55 305332.740
  50 315064.556
  45 321089.061
  40 330659.879
  35 340239.662
  30 349814.136
  25 364252.177
  20 374026.643
  15 392649.645
  10 412829.553
   5 440336.183
   0 484155.861
  -5 568719.613
 -10 323179.111
 -15   8369.641
 -20     79.835
 -25      0.000
 -30      0.000
 -35      0.000
 -40      0.000
 -45      0.000
 -50      0.000
