 150   6150.244
 145   7145.174
 140   8160.003
 135  10189.047
 130  12789.315
 125  16570.204
 120  21539.306
 115  29616.546
 110  41372.153
 105  57319.063
 100  80071.771
  95 111429.227
  90 149663.598
  85 194397.023
  80 238436.919
  75 280584.069
  70 314776.524
  65 337313.412
  60 357151.910
  55 368894.912
  50 378096.827
  45 384561.420
  40 389315.707
  35 396497.870
  30 403360.028
  25 414468.977
  20 422111.962
  15 436811.054
  10 454791.308
   5 477323.077
   0 522298.752
  -5 612706.472
 -10 478696.269
 -15  21562.280
 -20    263.454
 -25      1.996
 -30      0.000
 -35      0.000
 -40      0.000
 -45      0.000
 -50      0.000
