 150   3643.436
 145   4487.693
 140   5714.936
 135   7409.632
 130   9920.435
 125  13229.390
 120  17889.768
 115  25272.585
 110  35108.942
 105  48072.850
 100  64826.312
  95  83702.020
  90 105837.225
  85 127303.276
  80 147971.782
  75 165135.344
  70 180300.058
  65 190068.797
  60 199157.105
  55 202124.918
  50 208936.185
  45 216729.799
  40 226338.686
  35 232352.988
  30 240244.810
  25 253742.991
  20 267599.998
  15 281325.575
  10 309399.015
   5 342054.633
   0 404710.151
  -5 576343.008
 -10 116134.272
 -15   1446.008
 -20     18.961
 -25      0.000
 -30      0.000
 -35      0.000
 -40      0.000
 -45      0.000
 -50      0.000
