 150     28.940
 145     45.905
 140     34.927
 135     41.913
 130     69.855
 125     77.838
 120     88.904
 115    113.763
 110    146.841
 105    178.810
 100    229.753
  95    274.705
  90    343.631
  85    421.547
  80    604.350
  75    821.296
  70   1302.299
  65   2170.494
  60   4147.546
  55   8222.161
  50  15869.924
  45  28576.252
  40  45132.483
  35  60779.662
  30  72556.011
  25  78765.719
  20  84104.567
  15  85708.949
  10  92294.875
   5  98604.099
   0 115249.222
  -5 149140.674
 -10    143.846
 -15      0.000
 -20      0.000
 -25      0.000
 -30      0.000
 -35      0.000
 -40      0.000
 -45      0.000
 -50      0.000
