 150  17334.032
 145  23045.204
 140  30202.123
 135  39669.725
 130  51563.110
 125  64879.661
 120  83822.974
 115 102811.768
 110 122851.075
 105 141115.853
 100 159157.905
  95 172879.155
  90 186145.893
  85 193826.636
  80 203133.428
  75 209544.985
  70 217582.733
  65 222924.654
  60 229218.819
  55 231904.934
  50 238736.358
  45 244067.383
  40 252137.952
  35 256858.620
  30 264081.917
  25 274749.719
  20 287362.011
  15 296630.123
  10 319129.574
   5 344773.713
   0 391283.544
  -5 479868.621
 -10 365644.298
 -15  33387.920
 -20    972.981
 -25     12.973
 -30      0.999
 -35      0.000
 -40      0.000
 -45      0.000
 -50      0.000
