 150 196541.979
 145 198503.304
 140 200608.919
 135 200355.463
 130 204427.018
 125 201700.253
 120 205421.377
 115 205623.537
 110 208340.950
 105 207087.452
 100 209779.487
  95 207775.434
  90 210943.236
  85 210115.126
  80 213987.749
  75 216437.891
  70 221707.179
  65 223284.907
  60 229599.410
  55 228847.988
  50 233771.462
  45 240592.123
  40 251707.666
  35 255913.893
  30 266936.239
  25 284698.819
  20 309007.736
  15 337127.925
  10 402725.875
   5 495550.778
   0 652147.550
  -5 876400.746
 -10 458094.548
 -15 280431.787
 -20  72493.648
 -25  16991.742
 -30   2976.794
 -35    406.563
 -40     55.940
 -45      0.000
 -50      0.999
