 150   3411.917
 145   4265.154
 140   5303.867
 135   7016.455
 130   9493.311
 125  12196.558
 120  17542.142
 115  24012.199
 110  33198.979
 105  44928.196
 100  59176.385
  95  74743.651
  90  92171.915
  85 108522.338
  80 124483.056
  75 135167.527
  70 146401.364
  65 152049.649
  60 159337.871
  55 160507.454
  50 165038.584
  45 169950.134
  40 177659.194
  35 178792.976
  30 185838.085
  25 194453.897
  20 203678.571
  15 211462.889
  10 235167.665
   5 261552.093
   0 309470.248
  -5 403918.192
 -10 144430.737
 -15   1787.302
 -20     10.977
 -25      0.000
 -30      0.000
 -35      0.000
 -40      0.000
 -45      0.000
 -50      0.000
