 150   2840.104
 145   3449.845
 140   4191.182
 135   5267.076
 130   7193.082
 125   9465.255
 120  13066.966
 115  17994.679
 110  25082.785
 105  34681.065
 100  47281.173
  95  62676.560
  90  82648.153
  85 101448.942
  80 122809.857
  75 139977.547
  70 155795.879
  65 165562.623
  60 174199.909
  55 177315.386
  50 183279.791
  45 187999.712
  40 197196.211
  35 200341.633
  30 205654.827
  25 215994.244
  20 226351.999
  15 232567.223
  10 255896.423
   5 283234.806
   0 335409.776
  -5 459888.080
 -10 125148.465
 -15   1167.584
 -20      6.986
 -25      0.000
 -30      0.000
 -35      0.000
 -40      0.000
 -45      0.000
 -50      0.000
