 150      0.000
 145      0.000
 140      0.000
 135      0.000
 130      0.000
 125      0.000
 120      0.000
 115      0.998
 110      0.000
 105      0.000
 100      0.000
  95      3.996
  90      0.000
  85      1.998
  80      1.998
  75      4.990
  70      2.994
  65      3.992
  60     10.988
  55     19.979
  50     27.970
  45     68.926
  40    118.872
  35    226.756
  30    385.198
  25    665.620
  20   1734.403
  15   6226.313
  10  27348.655
   5  75559.849
   0 125153.835
  -5 148645.355
 -10     15.983
 -15      0.000
 -20      0.000
 -25      0.000
 -30      0.000
 -35      0.000
 -40      0.000
 -45      0.000
 -50      0.000
