 150   2715.363
 145   3151.464
 140   3802.983
 135   4615.428
 130   5846.874
 125   7581.186
 120  10189.047
 115  14088.766
 110  20085.228
 105  28579.591
 100  40281.697
  95  55512.269
  90  73295.208
  85  93166.846
  80 114242.076
  75 132028.908
  70 149017.788
  65 160890.313
  60 172448.790
  55 176334.617
  50 182702.412
  45 188950.689
  40 198456.857
  35 202503.107
  30 210210.342
  25 220372.168
  20 231727.629
  15 241508.378
  10 263212.573
   5 284302.943
   0 323628.394
  -5 388294.971
 -10 251181.231
 -15   4349.002
 -20     25.946
 -25      0.000
 -30      0.000
 -35      0.000
 -40      0.000
 -45      0.000
 -50      0.000
