 150   1328.243
 145   1594.693
 140   1847.114
 135   2276.279
 130   2960.859
 125   3811.050
 120   5195.420
 115   7109.255
 110  10661.432
 105  15264.743
 100  22412.906
  95  32067.495
  90  46051.495
  85  61279.125
  80  82203.549
  75 101492.403
  70 119990.140
  65 131974.285
  60 142938.484
  55 145727.343
  50 150067.527
  45 153310.038
  40 159103.123
  35 160373.598
  30 164394.730
  25 172179.073
  20 178484.181
  15 184034.347
  10 200730.616
   5 220987.659
   0 260376.137
  -5 366016.898
 -10 160299.678
 -15    893.152
 -20      5.988
 -25      0.000
 -30      0.000
 -35      0.000
 -40      0.000
 -45      0.000
 -50      0.000
