 150   9632.014
 145  12408.265
 140  16178.782
 135  20940.569
 130  27485.024
 125  36518.822
 120  49323.027
 115  64380.475
 110  82334.914
 105 101050.482
 100 121891.966
  95 139166.396
  90 157840.322
  85 169893.365
  80 182757.353
  75 193961.336
  70 205517.756
  65 213025.186
  60 224712.659
  55 232445.354
  50 243357.391
  45 254936.688
  40 269922.833
  35 280982.663
  30 295673.113
  25 313696.022
  20 333976.333
  15 351726.894
  10 382044.067
   5 413551.845
   0 464177.402
  -5 560880.614
 -10 332276.135
 -15  14133.757
 -20    265.449
 -25      0.998
 -30      0.000
 -35      0.000
 -40      0.000
 -45      0.000
 -50      0.000
