 150      6.986
 145      7.983
 140     18.961
 135      9.979
 130     31.934
 125     26.944
 120     41.955
 115     56.881
 110     76.917
 105     88.905
 100     93.899
  95    149.839
  90    172.814
  85    212.771
  80    269.710
  75    347.279
  70    457.052
  65    622.707
  60    971.956
  55   1795.070
  50   3545.185
  45   7382.057
  40  15277.577
  35  27638.289
  30  43637.191
  25  59691.260
  20  70922.906
  15  75944.436
  10  82097.827
   5  87428.102
   0  98625.077
  -5 121602.278
 -10   3443.302
 -15      0.000
 -20      0.000
 -25      0.000
 -30      0.000
 -35      0.000
 -40      0.000
 -45      0.000
 -50      0.000
