 150   3102.559
 145   3833.050
 140   4743.021
 135   5982.592
 130   7920.573
 125  10878.308
 120  14934.960
 115  20384.722
 110  29107.418
 105  39420.018
 100  54586.320
  95  69716.985
  90  88498.864
  85 106509.502
  80 124956.547
  75 139201.158
  70 151993.765
  65 160906.280
  60 169194.285
  55 171163.999
  50 177774.714
  45 185023.914
  40 194539.065
  35 198408.711
  30 206986.055
  25 218124.827
  20 230027.383
  15 238638.702
  10 264032.693
   5 286026.807
   0 323937.063
  -5 382444.255
 -10 462193.142
 -15  18705.299
 -20    144.700
 -25      1.996
 -30      0.000
 -35      0.000
 -40      0.000
 -45      0.000
 -50      0.000
