 150    130.729
 145    135.719
 140    155.676
 135    216.551
 130    266.447
 125    298.377
 120    392.578
 115    449.069
 110    517.439
 105    592.370
 100    785.156
  95    866.069
  90   1212.696
  85   1703.169
  80   2444.372
  75   3952.798
  70   6989.497
  65  12328.419
  60  21561.843
  55  34845.576
  50  52647.404
  45  72773.696
  40  90743.451
  35 100216.268
  30 105491.367
  25 110188.579
  20 113600.393
  15 114980.396
  10 124869.016
   5 135422.556
   0 165244.692
  -5 246841.892
 -10   6060.485
 -15      0.998
 -20      0.000
 -25      0.000
 -30      0.000
 -35      0.000
 -40      0.000
 -45      0.000
 -50      0.000
