 150   8275.819
 145  11258.650
 140  15041.353
 135  20232.039
 130  27692.566
 125  36336.203
 120  47869.588
 115  60727.052
 110  75757.803
 105  90193.943
 100 103209.050
  95 114253.064
  90 125209.400
  85 131029.144
  80 138307.181
  75 142991.293
  70 150308.261
  65 153631.369
  60 160480.644
  55 162702.095
  50 168962.197
  45 175847.788
  40 184665.669
  35 189937.817
  30 198003.756
  25 210127.406
  20 225580.597
  15 237331.106
  10 267523.947
   5 298101.839
   0 356528.158
  -5 496300.973
 -10 161968.883
 -15   2559.704
 -20     24.948
 -25      0.000
 -30      0.000
 -35      0.000
 -40      0.000
 -45      0.000
 -50      0.000
