 150      0.000
 145      0.000
 140      0.000
 135      0.998
 130      0.000
 125      0.000
 120      0.000
 115      0.998
 110      0.000
 105      0.999
 100      0.000
  95      0.000
  90      0.999
  85      0.000
  80      0.999
  75      0.998
  70      0.998
  65      1.996
  60      3.996
  55     10.988
  50     25.972
  45     46.949
  40     95.897
  35    129.860
  30    291.393
  25    542.875
  20   1421.054
  15   5609.969
  10  26574.486
   5  75058.387
   0 118038.345
  -5 140745.839
 -10      0.000
 -15      0.000
 -20      0.000
 -25      0.000
 -30      0.000
 -35      0.000
 -40      0.000
 -45      0.000
 -50      0.000
