 150      0.000
 145      0.000
 140      0.000
 135      0.000
 130      0.000
 125      0.000
 120      0.000
 115      0.000
 110      0.000
 105      0.000
 100      1.998
  95      0.000
  90      0.999
  85      1.998
  80      1.998
  75      0.000
  70      3.992
  65      3.992
  60     12.986
  55     23.974
  50     36.960
  45     66.928
  40    114.877
  35    244.737
  30    371.227
  25    717.513
  20   1703.467
  15   6179.363
  10  27215.797
   5  79121.024
   0 132641.808
  -5 155152.366
 -10     42.954
 -15      0.000
 -20      0.000
 -25      0.000
 -30      0.000
 -35      0.000
 -40      0.000
 -45      0.000
 -50      0.000
