 150    256.468
 145    242.497
 140    313.342
 135    385.201
 130    420.129
 125    514.926
 120    636.316
 115    713.520
 110    845.083
 105    997.938
 100   1200.709
  95   1493.395
  90   2073.771
  85   2816.972
  80   4464.197
  75   7169.124
  70  12071.963
  65  20632.209
  60  34791.634
  55  54444.472
  50  80657.293
  45 105419.569
  40 126601.030
  35 136432.472
  30 141877.611
  25 147016.235
  20 152235.264
  15 153182.482
  10 165200.740
   5 178037.787
   0 210511.332
  -5 293989.256
 -10 128731.614
 -15     37.922
 -20      0.000
 -25      0.000
 -30      0.000
 -35      0.000
 -40      0.000
 -45      0.000
 -50      0.000
