 150   2057.728
 145   2544.722
 140   2916.863
 135   3776.168
 130   4898.840
 125   6313.829
 120   9215.103
 115  12996.046
 110  17946.528
 105  25993.317
 100  37412.781
  95  51096.021
  90  68780.061
  85  88628.724
  80 111044.516
  75 130093.057
  70 147585.907
  65 158114.071
  60 167556.045
  55 169969.283
  50 172750.121
  45 175991.633
  40 181436.138
  35 181866.494
  30 184379.123
  25 189175.838
  20 195849.200
  15 199317.933
  10 214737.587
   5 233776.924
   0 275090.378
  -5 380069.805
 -10 239500.537
 -15   3947.832
 -20     18.961
 -25      0.000
 -30      0.000
 -35      0.000
 -40      0.000
 -45      0.000
 -50      0.000
