 150   6949.573
 145   8733.886
 140  11235.282
 135  14435.062
 130  19530.513
 125  25030.761
 120  33981.470
 115  44874.929
 110  59158.872
 105  76180.943
 100  96260.520
  95 115862.448
  90 138184.452
  85 154721.829
  80 171983.945
  75 184586.982
  70 197061.295
  65 203809.300
  60 212280.011
  55 215147.931
  50 221302.878
  45 228144.517
  40 238506.605
  35 242112.487
  30 251033.349
  25 261893.096
  20 273137.513
  15 282689.109
  10 307182.393
   5 331943.493
   0 378895.824
  -5 468837.469
 -10 238834.492
 -15   5446.731
 -20     69.855
 -25      0.000
 -30      0.000
 -35      0.000
 -40      0.000
 -45      0.000
 -50      0.000
