 150   2613.574
 145   3121.526
 140   4005.572
 135   4863.912
 130   6428.667
 125   8731.785
 120  11798.329
 115  16379.030
 110  24033.923
 105  33574.243
 100  46412.107
  95  64028.106
  90  86191.344
  85 108034.863
  80 133680.160
  75 157442.307
  70 178306.193
  65 191022.819
  60 200703.445
  55 202010.838
  50 204829.603
  45 207034.231
  40 212547.724
  35 211035.137
  30 213653.174
  25 219582.805
  20 227649.311
  15 231134.761
  10 251281.375
   5 275057.588
   0 324873.061
  -5 457506.638
 -10 224932.198
 -15   2432.966
 -20     10.977
 -25      0.000
 -30      0.000
 -35      0.000
 -40      0.000
 -45      0.000
 -50      0.000
