 150      0.000
 145      0.000
 140      0.998
 135      1.996
 130      3.992
 125      4.990
 120      2.997
 115      8.981
 110     15.983
 105     16.982
 100     29.968
  95     37.959
  90     49.946
  85     50.945
  80     78.915
  75    104.783
  70    158.671
  65    203.577
  60    271.708
  55    351.622
  50    579.377
  45   1048.871
  40   2161.676
  35   5636.940
  30  13772.340
  25  28660.587
  20  47547.387
  15  58860.784
  10  65118.063
   5  66487.592
   0  70510.272
  -5  79348.700
 -10   2615.191
 -15      0.000
 -20      0.000
 -25      0.000
 -30      0.000
 -35      0.000
 -40      0.000
 -45      0.000
 -50      0.000
