 150    107.776
 145    142.704
 140    155.676
 135    183.619
 130    210.563
 125    274.431
 120    289.689
 115    319.334
 110    383.584
 105    474.496
 100    612.341
  95    833.104
  90   1153.761
  85   1712.159
  80   2747.044
  75   4481.700
  70   7767.889
  65  13071.863
  60  21097.341
  55  31186.475
  50  43348.357
  45  54513.344
  40  62916.365
  35  67498.439
  30  69437.501
  25  71613.545
  20  73565.425
  15  74244.262
  10  78212.000
   5  81966.967
   0  94132.901
  -5 117124.092
 -10  21045.397
 -15      4.990
 -20      0.000
 -25      0.000
 -30      0.000
 -35      0.000
 -40      0.000
 -45      0.000
 -50      0.000
