 150      2.994
 145      0.998
 140      1.996
 135      2.994
 130      8.981
 125     17.963
 120     20.977
 115     26.944
 110     43.952
 105     48.948
 100     80.913
  95     87.906
  90    126.864
  85    144.844
  80    207.776
  75    235.511
  70    365.242
  65    451.064
  60    680.269
  55    974.953
  50   1539.345
  45   2925.852
  40   7024.456
  35  15923.882
  30  34934.267
  25  63689.971
  20  92399.456
  15 107074.894
  10 119192.107
   5 125926.755
   0 143898.597
  -5 194691.901
 -10    210.773
 -15      0.000
 -20      0.000
 -25      0.000
 -30      0.000
 -35      0.000
 -40      0.000
 -45      0.000
 -50      0.000
