 150      5.988
 145      9.979
 140      9.979
 135     24.948
 130     26.944
 125     36.923
 120     44.952
 115     62.870
 110     79.913
 105    105.887
 100    108.883
  95    143.845
  90    206.778
  85    282.696
  80    382.588
  75    453.060
  70    550.857
  65    761.420
  60   1105.811
  55   1838.026
  50   3367.380
  45   7251.198
  40  16497.282
  35  33636.840
  30  59842.408
  25  89593.273
  20 110143.672
  15 116161.127
  10 125119.747
   5 130112.259
   0 147232.020
  -5 190968.899
 -10    165.822
 -15      0.000
 -20      0.000
 -25      0.000
 -30      0.000
 -35      0.000
 -40      0.000
 -45      0.000
 -50      0.000
