 150      0.000
 145      0.000
 140      0.000
 135      0.000
 130      0.000
 125      0.000
 120      0.000
 115      0.000
 110      0.999
 105      0.000
 100      0.999
  95      0.999
  90      0.000
  85      0.000
  80      0.999
  75      0.000
  70      0.000
  65      0.998
  60      0.999
  55      0.000
  50      0.000
  45     10.988
  40     16.982
  35     51.944
  30     90.811
  25    222.539
  20    447.073
  15   1208.701
  10   6883.614
   5  36467.834
   0  98617.184
  -5 135254.736
 -10      0.000
 -15      0.000
 -20      0.000
 -25      0.000
 -30      0.000
 -35      0.000
 -40      0.000
 -45      0.000
 -50      0.000
