 150      0.998
 145      0.998
 140      0.000
 135      0.998
 130      0.998
 125      2.994
 120      0.999
 115      0.998
 110      0.000
 105      1.998
 100      1.998
  95      4.995
  90      6.992
  85      9.989
  80     21.976
  75     42.911
  70     63.867
  65    107.776
  60    134.855
  55    208.776
  50    294.683
  45    444.522
  40    645.307
  35   1212.696
  30   2805.160
  25   8249.898
  20  23862.533
  15  55667.158
  10 101241.368
   5 130007.372
   0 150057.988
  -5 181820.725
 -10     10.988
 -15      0.000
 -20      0.000
 -25      0.000
 -30      0.000
 -35      0.000
 -40      0.000
 -45      0.000
 -50      0.000
