 150      0.000
 145      0.000
 140      0.998
 135      0.000
 130      0.998
 125      0.000
 120      0.000
 115      0.998
 110      0.999
 105      1.998
 100      0.000
  95      1.998
  90      4.995
  85      4.995
  80      2.997
  75      7.983
  70     12.973
  65     23.950
  60     48.947
  55     56.939
  50    120.870
  45    222.760
  40    339.635
  35    560.397
  30    876.176
  25   1788.293
  20   4861.921
  15  16466.299
  10  55230.737
   5 120361.852
   0 180481.704
  -5 230728.198
 -10    635.318
 -15      0.000
 -20      0.000
 -25      0.000
 -30      0.000
 -35      0.000
 -40      0.000
 -45      0.000
 -50      0.000
