 150     24.948
 145     17.963
 140     30.936
 135     44.907
 130     56.882
 125     82.827
 120     84.909
 115    117.756
 110    138.849
 105    175.813
 100    209.774
  95    231.751
  90    333.641
  85    372.599
  80    485.478
  75    607.739
  70    833.271
  65   1147.619
  60   1645.233
  55   2687.114
  50   5288.315
  45  11085.072
  40  22939.340
  35  40886.047
  30  63130.562
  25  84414.010
  20  98020.705
  15 101632.745
  10 110327.618
   5 115572.875
   0 134804.355
  -5 182379.125
 -10    733.212
 -15      0.000
 -20      0.000
 -25      0.000
 -30      0.000
 -35      0.000
 -40      0.000
 -45      0.000
 -50      0.000
