 150      0.000
 145      0.000
 140      0.998
 135      0.998
 130      1.996
 125      0.000
 120      0.000
 115      0.998
 110      0.999
 105      0.000
 100      0.999
  95      0.999
  90      5.994
  85      5.994
  80     15.983
  75     12.973
  70     35.925
  65     46.903
  60    109.882
  55    134.855
  50    199.785
  45    322.653
  40    463.502
  35    784.157
  30   1743.370
  25   5183.255
  20  17085.582
  15  43925.780
  10  86698.972
   5 115730.705
   0 135510.597
  -5 165093.689
 -10      1.998
 -15      0.000
 -20      0.000
 -25      0.000
 -30      0.000
 -35      0.000
 -40      0.000
 -45      0.000
 -50      0.000
