 150   3416.907
 145   4124.446
 140   5141.162
 135   6697.110
 130   8956.424
 125  11584.834
 120  16298.479
 115  22450.415
 110  31088.300
 105  41118.250
 100  54333.591
  95  67960.874
  90  84911.720
  85  98484.130
  80 113528.843
  75 124808.897
  70 138860.864
  65 144945.383
  60 155135.385
  55 160719.387
  50 170378.673
  45 180959.288
  40 193899.752
  35 201815.846
  30 214125.191
  25 230050.106
  20 247762.389
  15 265000.125
  10 298754.436
   5 332740.969
   0 393154.931
  -5 539752.306
 -10 252140.201
 -15   4475.740
 -20     33.930
 -25      0.000
 -30      0.000
 -35      0.000
 -40      0.000
 -45      0.000
 -50      0.000
