 150      3.992
 145      1.996
 140      4.990
 135      3.992
 130      3.992
 125      7.983
 120     13.985
 115     18.961
 110     24.973
 105     37.960
 100     65.929
  95     92.900
  90    115.875
  85    138.851
  80    197.787
  75    244.493
  70    326.323
  65    455.056
  60    608.346
  55    789.152
  50   1100.817
  45   1801.062
  40   3685.042
  35   8510.851
  30  21003.271
  25  45699.265
  20  80459.208
  15 105069.051
  10 123698.272
   5 131776.472
   0 149847.214
  -5 209684.799
 -10     37.959
 -15      0.000
 -20      0.000
 -25      0.000
 -30      0.000
 -35      0.000
 -40      0.000
 -45      0.000
 -50      0.000
