 150  11434.262
 145  15239.393
 140  20567.582
 135  27131.729
 130  36887.532
 125  47445.980
 120  62281.048
 115  78520.149
 110  97308.518
 105 114010.693
 100 132370.701
  95 145023.100
  90 158204.930
  85 166090.619
  80 174808.906
  75 180276.925
  70 187566.986
  65 191908.981
  60 198654.645
  55 200010.189
  50 205789.570
  45 211412.520
  40 220444.023
  35 224967.935
  30 232282.388
  25 243488.249
  20 256581.849
  15 267812.102
  10 293741.815
   5 322518.615
   0 382737.705
  -5 524375.820
 -10 108170.825
 -15   2780.248
 -20     43.909
 -25      0.000
 -30      0.000
 -35      0.000
 -40      0.000
 -45      0.000
 -50      0.000
