 150    118.754
 145    162.663
 140    156.674
 135    190.604
 130    219.544
 125    301.375
 120    345.628
 115    380.207
 110    421.543
 105    581.382
 100    693.254
  95    914.017
  90   1521.366
  85   2358.465
  80   3817.892
  75   6321.882
  70  10643.925
  65  17481.708
  60  27314.664
  55  38652.449
  50  49420.823
  45  58723.813
  40  65474.615
  35  68764.079
  30  69499.372
  25  71185.433
  20  73087.417
  15  74154.358
  10  78526.662
   5  82772.103
   0  94562.440
  -5 118993.082
 -10   5356.247
 -15      2.994
 -20      0.000
 -25      0.000
 -30      0.000
 -35      0.000
 -40      0.000
 -45      0.000
 -50      0.000
