 150  24015.145
 145  29731.337
 140  35562.927
 135  44063.612
 130  44863.997
 125  48951.838
 120  53071.948
 115  61713.007
 110  68542.700
 105  66975.738
 100  76524.736
  95  91846.265
  90  95224.634
  85 105361.841
  80 110225.397
  75 120454.058
  70 130632.069
  65 135435.108
  60 141304.239
  55 149958.944
  50 159042.870
  45 165586.829
  40 177462.228
  35 180420.867
  30 189850.731
  25 201969.318
  20 211573.197
  15 222239.093
  10 236945.757
   5 251133.283
   0 274470.767
  -5 303728.795
 -10  32626.959
 -15   1096.731
 -20     66.861
 -25      3.992
 -30      3.996
 -35      4.995
 -40      2.997
 -45      0.000
 -50      1.998
