 150   1350.198
 145   1514.858
 140   1848.091
 135   2160.519
 130   2419.983
 125   2819.119
 120   3558.179
 115   4346.984
 110   5702.830
 105   7632.879
 100  10549.659
  95  15366.481
  90  22978.298
  85  34037.410
  80  51530.553
  75  75070.154
  70 105609.965
  65 140947.675
  60 173411.756
  55 197660.712
  50 216007.792
  45 230829.627
  40 245054.566
  35 254085.604
  30 266002.916
  25 281580.565
  20 298854.176
  15 316038.259
  10 346716.973
   5 387725.583
   0 471261.807
  -5 717445.464
 -10  85373.309
 -15    270.440
 -20      2.994
 -25      0.000
 -30      0.000
 -35      0.000
 -40      0.000
 -45      0.000
 -50      0.000
