 150   1457.973
 145   1758.353
 140   1966.848
 135   2239.356
 130   2618.572
 125   3189.344
 120   4014.684
 115   5038.550
 110   6950.466
 105   9488.904
 100  13863.097
  95  20158.330
  90  30565.142
  85  44268.456
  80  64924.142
  75  90211.810
  70 119700.741
  65 149012.947
  60 174177.933
  55 190406.503
  50 204588.862
  45 215478.146
  40 228038.858
  35 236283.759
  30 246172.469
  25 260226.550
  20 275150.338
  15 287779.637
  10 313823.268
   5 342447.212
   0 390910.943
  -5 491260.386
 -10  90930.341
 -15    384.205
 -20      0.000
 -25      0.000
 -30      0.000
 -35      0.000
 -40      0.000
 -45      0.000
 -50      0.000
