 150     52.890
 145     74.845
 140     73.846
 135     67.859
 130    110.770
 125    123.743
 120    132.857
 115    160.665
 110    191.792
 105    266.716
 100    311.665
  95    374.597
  90    451.515
  85    571.386
  80    800.139
  75   1172.567
  70   1889.082
  65   3280.190
  60   6133.413
  55  11353.795
  50  20192.273
  45  33475.980
  40  49229.079
  35  63076.193
  30  73479.090
  25  78946.344
  20  84042.695
  15  85461.215
  10  91727.485
   5  97476.310
   0 112479.197
  -5 140959.469
 -10   4838.803
 -15      0.000
 -20      0.000
 -25      0.000
 -30      0.000
 -35      0.000
 -40      0.000
 -45      0.000
 -50      0.000
