 150   6121.292
 145   7263.935
 140   8806.410
 135  11056.070
 130  11453.257
 125  12444.029
 120  13627.351
 115  16732.297
 110  19546.811
 105  18580.231
 100  23109.158
  95  31425.218
  90  33869.590
  85  42016.874
  80  45915.595
  75  55027.817
  70  65464.227
  65  70574.628
  60  77339.937
  55  90576.721
  50 102961.214
  45 112604.837
  40 127874.535
  35 132772.137
  30 144271.626
  25 157042.451
  20 166601.469
  15 176177.609
  10 190474.621
   5 205836.931
   0 228822.702
  -5 257894.022
 -10  12455.623
 -15    372.230
 -20     15.967
 -25      1.996
 -30      1.998
 -35      1.998
 -40      1.998
 -45      0.000
 -50      1.998
