 150   2184.465
 145   2568.673
 140   3130.429
 135   3688.354
 130   4793.059
 125   6035.410
 120   8314.062
 115  11441.271
 110  16079.554
 105  22591.962
 100  32261.319
  95  43087.681
  90  59654.871
  85  75828.484
  80  94853.937
  75 112987.551
  70 131384.509
  65 142349.767
  60 153504.137
  55 158082.062
  50 165884.674
  45 174106.661
  40 185424.854
  35 190947.922
  30 201013.490
  25 213039.369
  20 228921.217
  15 238979.336
  10 267099.402
   5 294377.838
   0 344364.841
  -5 440751.633
 -10  97127.588
 -15    752.443
 -20     11.975
 -25      0.000
 -30      0.000
 -35      0.000
 -40      0.000
 -45      0.000
 -50      0.000
