 150   1680.511
 145   1985.881
 140   2243.280
 135   2542.726
 130   2918.946
 125   3496.706
 120   4228.459
 115   5382.836
 110   7208.179
 105   9943.410
 100  14736.159
  95  21471.896
  90  32304.273
  85  45793.772
  80  66682.250
  75  90477.260
  70 116629.111
  65 140632.329
  60 161392.664
  55 171344.804
  50 180046.270
  45 185052.883
  40 192714.025
  35 193606.873
  30 196795.272
  25 203510.124
  20 208235.536
  15 212395.887
  10 228685.620
   5 246416.349
   0 289251.212
  -5 391650.368
 -10 153560.922
 -15    862.216
 -20     10.977
 -25      0.000
 -30      0.000
 -35      0.000
 -40      0.000
 -45      0.000
 -50      0.000
