 150     22.952
 145     26.944
 140     40.915
 135     58.878
 130     61.872
 125     88.815
 120     93.899
 115    117.756
 110    161.824
 105    201.785
 100    248.733
  95    278.700
  90    368.604
  85    464.501
  80    550.408
  75    669.611
  70    940.049
  65   1217.474
  60   1800.067
  55   2907.877
  50   5452.139
  45  11007.156
  40  23189.072
  35  43093.674
  30  67983.458
  25  91764.772
  20 107121.829
  15 112460.105
  10 123213.792
   5 131509.759
   0 155678.956
  -5 217074.862
 -10    416.552
 -15      0.000
 -20      0.000
 -25      0.000
 -30      0.000
 -35      0.000
 -40      0.000
 -45      0.000
 -50      0.000
