 150   3712.293
 145   5189.238
 140   6808.675
 135   9251.812
 130  12910.224
 125  17955.545
 120  25315.811
 115  34149.175
 110  46595.444
 105  59995.105
 100  76032.265
  95  90922.168
  90 106520.490
  85 116889.344
  80 128321.926
  75 134271.387
  70 141678.159
  65 143614.144
  60 147859.199
  55 146885.099
  50 150099.493
  45 151907.547
  40 156886.504
  35 157700.472
  30 161201.379
  25 168687.311
  20 176292.721
  15 183065.388
  10 203108.065
   5 225474.840
   0 273405.183
  -5 383766.834
 -10 162402.417
 -15   1884.102
 -20     10.977
 -25      0.000
 -30      0.000
 -35      0.000
 -40      0.000
 -45      0.000
 -50      0.000
