 150   2539.728
 145   2995.787
 140   3630.336
 135   4633.390
 130   5777.024
 125   7704.920
 120  10875.309
 115  15164.549
 110  21874.288
 105  30843.183
 100  44486.177
  95  60847.589
  90  82443.373
  85 105935.226
  80 132492.438
  75 155440.461
  70 176450.043
  65 189551.869
  60 200146.043
  55 203448.496
  50 208709.429
  45 212395.462
  40 219748.770
  35 221732.416
  30 227196.976
  25 236075.615
  20 244273.377
  15 252468.596
  10 273908.097
   5 297657.316
   0 345391.740
  -5 470018.200
 -10 217759.127
 -15   2134.584
 -20      7.983
 -25      0.000
 -30      0.000
 -35      0.000
 -40      0.000
 -45      0.000
 -50      0.000
