 150   2171.494
 145   2633.538
 140   3092.459
 135   3769.183
 130   4972.692
 125   6375.700
 120   8421.955
 115  12161.776
 110  17196.394
 105  24928.476
 100  35143.221
  95  49035.287
  90  68335.539
  85  87382.064
  80 110538.061
  75 133705.428
  70 156191.060
  65 170778.805
  60 184093.284
  55 190255.665
  50 197757.411
  45 203915.587
  40 214457.458
  35 219965.317
  30 228731.552
  25 241235.161
  20 253469.305
  15 263819.394
  10 287684.315
   5 307430.819
   0 347115.892
  -5 419321.649
 -10 203614.318
 -15   1813.248
 -20      8.981
 -25      0.000
 -30      0.000
 -35      0.000
 -40      0.000
 -45      0.000
 -50      0.000
