 150   2614.572
 145   3038.698
 140   3430.758
 135   3933.841
 130   4643.374
 125   5432.662
 120   7071.398
 115   8924.491
 110  12110.872
 105  16624.312
 100  23601.628
  95  33075.444
  90  47873.536
  85  66227.871
  80  92161.834
  75 119074.920
  70 149422.099
  65 175142.754
  60 195863.642
  55 208207.385
  50 218718.659
  45 227695.000
  40 238570.537
  35 244444.977
  30 254789.528
  25 266361.832
  20 279241.852
  15 291173.988
  10 314907.105
   5 342129.553
   0 389695.247
  -5 475324.501
 -10 258703.153
 -15   2862.078
 -20     17.963
 -25      0.000
 -30      0.000
 -35      0.000
 -40      0.000
 -45      0.000
 -50      0.000
