 150    315.345
 145    370.232
 140    479.992
 135    522.916
 130    599.756
 125    682.576
 120    838.099
 115    964.001
 110   1218.678
 105   1499.405
 100   1888.969
  95   2516.295
  90   3813.900
  85   5910.646
  80   9428.855
  75  15110.645
  70  25041.065
  65  38797.534
  60  57474.273
  55  76420.848
  50  97615.064
  45 114627.661
  40 129297.135
  35 134953.060
  30 140715.031
  25 147703.810
  20 154310.959
  15 157062.315
  10 171724.739
   5 185066.239
   0 212964.702
  -5 266760.499
 -10 127257.199
 -15     72.849
 -20      0.000
 -25      0.000
 -30      0.000
 -35      0.000
 -40      0.000
 -45      0.000
 -50      0.000
