 150   1590.698
 145   1732.407
 140   2042.702
 135   2410.002
 130   3126.516
 125   3888.888
 120   5391.210
 115   7216.034
 110  10253.875
 105  14798.240
 100  21919.437
  95  30760.901
  90  43545.189
  85  58748.845
  80  76817.345
  75  94215.503
  70 111225.319
  65 122498.937
  60 131660.597
  55 133891.067
  50 138786.666
  45 142916.222
  40 148917.063
  35 150952.726
  30 154260.829
  25 161569.067
  20 169474.848
  15 174423.669
  10 193321.566
   5 214975.117
   0 258975.637
  -5 358085.416
 -10 142103.239
 -15    666.621
 -20      2.994
 -25      0.000
 -30      0.000
 -35      0.000
 -40      0.000
 -45      0.000
 -50      0.000
