 150      0.000
 145      0.000
 140      0.000
 135      0.000
 130      0.000
 125      0.000
 120      0.000
 115      0.000
 110      0.999
 105      0.000
 100      0.000
  95      0.000
  90      0.000
  85      0.000
  80      0.000
  75      0.000
  70      0.000
  65      0.000
  60      0.999
  55      1.998
  50      9.989
  45     20.977
  40     42.954
  35     78.915
  30    178.628
  25    346.282
  20    798.344
  15   2955.822
  10  15989.843
   5  56917.870
   0 106996.193
  -5 131906.333
 -10      0.000
 -15      0.000
 -20      0.000
 -25      0.000
 -30      0.000
 -35      0.000
 -40      0.000
 -45      0.000
 -50      0.000
