 150   2076.689
 145   2582.644
 140   2993.689
 135   3771.179
 130   5056.513
 125   6317.821
 120   8521.839
 115  12202.679
 110  17180.376
 105  24416.021
 100  35768.549
  95  49025.249
  90  67962.940
  85  88440.926
  80 113195.202
  75 136360.915
  70 159723.574
  65 174096.923
  60 186504.694
  55 189762.195
  50 194456.765
  45 198794.098
  40 206314.418
  35 208088.097
  30 211926.768
  25 219874.201
  20 228420.484
  15 234870.514
  10 257017.221
   5 281979.436
   0 337382.663
  -5 483325.908
 -10 220753.910
 -15   2179.491
 -20      9.979
 -25      0.000
 -30      0.000
 -35      0.000
 -40      0.000
 -45      0.000
 -50      0.000
