 150   1273.357
 145   1545.794
 140   1859.081
 135   2063.720
 130   2601.604
 125   3275.168
 120   4303.374
 115   5860.839
 110   8359.938
 105  12257.958
 100  18444.173
  95  27155.780
  90  40823.115
  85  57398.297
  80  79349.620
  75 102160.914
  70 126437.642
  65 144287.747
  60 158853.391
  55 163434.471
  50 168260.951
  45 172011.915
  40 176867.045
  35 178132.330
  30 180259.699
  25 185663.120
  20 192047.885
  15 194920.461
  10 211150.436
   5 228561.753
   0 268115.848
  -5 372668.754
 -10  30906.806
 -15    105.781
 -20      0.000
 -25      0.000
 -30      0.000
 -35      0.000
 -40      0.000
 -45      0.000
 -50      0.000
