 150      0.000
 145      0.000
 140      0.000
 135      0.998
 130      0.000
 125      0.998
 120      0.000
 115      0.000
 110      0.999
 105      0.000
 100      0.000
  95      0.000
  90      2.997
  85      4.995
  80      4.995
  75      7.983
  70      9.979
  65     29.938
  60     66.928
  55     88.904
  50    161.826
  45    250.730
  40    408.561
  35    597.358
  30    924.076
  25   1716.442
  20   4300.082
  15  14048.911
  10  46785.799
   5  96433.430
   0 132139.347
  -5 153382.267
 -10     95.897
 -15      0.000
 -20      0.000
 -25      0.000
 -30      0.000
 -35      0.000
 -40      0.000
 -45      0.000
 -50      0.000
