 150      0.998
 145      0.998
 140      1.996
 135      0.998
 130      0.998
 125      2.994
 120      0.999
 115      4.990
 110      5.993
 105     10.988
 100     18.980
  95     13.985
  90     28.969
  85     48.947
  80     72.922
  75    114.762
  70    156.675
  65    224.534
  60    267.712
  55    356.617
  50    490.473
  45    757.185
  40   1279.624
  35   2569.238
  30   6239.010
  25  17227.288
  20  40268.483
  15  68027.870
  10  92374.882
   5 100839.698
   0 110526.405
  -5 130008.371
 -10   1373.523
 -15      0.000
 -20      0.000
 -25      0.000
 -30      0.000
 -35      0.000
 -40      0.000
 -45      0.000
 -50      0.000
