 150   2781.226
 145   3591.551
 140   4528.440
 135   5703.172
 130   7444.567
 125   9846.450
 120  13858.103
 115  19552.448
 110  27665.011
 105  39097.400
 100  55528.307
  95  73530.954
  90  97583.098
  85 121622.378
  80 147485.306
  75 168314.747
  70 187173.802
  65 198396.526
  60 205460.336
  55 205914.847
  50 208241.932
  45 210802.177
  40 215055.815
  35 215965.621
  30 218044.032
  25 223159.391
  20 230653.624
  15 235083.285
  10 256659.604
   5 281131.065
   0 344886.282
  -5 527796.147
 -10  29976.805
 -15    174.639
 -20      0.998
 -25      0.000
 -30      0.000
 -35      0.000
 -40      0.000
 -45      0.000
 -50      0.000
