 150     35.925
 145     47.901
 140     77.838
 135     81.830
 130    103.785
 125    109.772
 120    137.852
 115    170.644
 110    209.772
 105    230.755
 100    314.661
  95    374.597
  90    449.517
  85    567.390
  80    770.171
  75    974.977
  70   1502.883
  65   2475.860
  60   4660.994
  55   8484.879
  50  15893.898
  45  28234.620
  40  45490.098
  35  62488.825
  30  77450.825
  25  86926.801
  20  92460.237
  15  93092.019
  10  99705.916
   5 104865.375
   0 120668.402
  -5 153915.541
 -10  18630.990
 -15      2.994
 -20      0.000
 -25      0.000
 -30      0.000
 -35      0.000
 -40      0.000
 -45      0.000
 -50      0.000
