 150   2058.726
 145   2303.223
 140   2702.304
 135   3152.462
 130   3826.065
 125   4780.029
 120   6424.094
 115   8462.440
 110  11733.281
 105  16713.217
 100  24093.100
  95  33610.835
  90  48314.062
  85  65803.261
  80  88565.703
  75 111054.451
  70 135289.275
  65 153482.677
  60 169216.262
  55 175369.653
  50 181681.511
  45 187754.976
  40 195382.160
  35 198811.079
  30 204705.803
  25 212351.795
  20 221418.000
  15 228695.153
  10 249160.651
   5 273613.413
   0 321841.308
  -5 450037.660
 -10 251068.353
 -15   2381.074
 -20     10.977
 -25      0.000
 -30      0.000
 -35      0.000
 -40      0.000
 -45      0.000
 -50      0.000
