 150    595.763
 145    684.580
 140    849.207
 135    928.075
 130   1163.588
 125   1324.236
 120   1523.362
 115   1841.181
 110   2240.571
 105   2795.026
 100   3570.162
  95   4666.983
  90   6987.488
  85  10565.652
  80  16703.028
  75  26517.975
  70  42609.628
  65  65957.205
  60  95657.264
  55 124971.780
  50 155096.117
  45 176721.847
  40 193398.097
  35 198867.019
  30 206358.362
  25 214450.444
  20 223602.249
  15 229421.372
  10 246111.922
   5 261724.907
   0 295762.942
  -5 366595.277
 -10  68083.878
 -15     95.802
 -20      0.998
 -25      0.000
 -30      0.000
 -35      0.000
 -40      0.000
 -45      0.000
 -50      0.000
