 150      0.998
 145      0.000
 140      0.000
 135      0.998
 130      0.000
 125      0.998
 120      0.000
 115      0.000
 110      1.998
 105      0.999
 100      0.000
  95      0.000
  90      1.998
  85      0.999
  80      3.996
  75      1.996
  70      4.990
  65      8.981
  60     14.984
  55     28.969
  50     55.940
  45     98.894
  40    150.838
  35    244.737
  30    440.084
  25    949.033
  20   2579.652
  15   9875.384
  10  37687.561
   5  85250.441
   0 121518.611
  -5 143438.947
 -10      2.997
 -15      0.000
 -20      0.000
 -25      0.000
 -30      0.000
 -35      0.000
 -40      0.000
 -45      0.000
 -50      0.000
