 150      0.000
 145      0.998
 140      0.000
 135      0.000
 130      0.998
 125      0.000
 120      0.000
 115      0.998
 110      0.999
 105      0.999
 100      0.999
  95      1.998
  90      0.999
  85      5.994
  80      8.990
  75     10.977
  70     21.954
  65     33.930
  60     43.953
  55     88.905
  50    146.842
  45    230.752
  40    358.615
  35    594.361
  30   1107.694
  25   2934.916
  20  10326.593
  15  32057.538
  10  76349.077
   5 113043.591
   0 133400.861
  -5 160714.393
 -10      0.000
 -15      0.000
 -20      0.000
 -25      0.000
 -30      0.000
 -35      0.000
 -40      0.000
 -45      0.000
 -50      0.000
