 150      0.000
 145      0.000
 140      0.000
 135      0.000
 130      0.000
 125      0.000
 120      0.000
 115      0.000
 110      0.000
 105      0.000
 100      0.000
  95      0.000
  90      0.000
  85      0.000
  80      0.999
  75      0.998
  70      0.998
  65      1.996
  60      4.995
  55      0.000
  50      8.990
  45     11.987
  40     25.972
  35     68.926
  30    120.749
  25    251.479
  20    530.899
  15   1598.283
  10   7687.751
   5  35683.676
   0 100944.787
  -5 147189.918
 -10     10.988
 -15      0.000
 -20      0.000
 -25      0.000
 -30      0.000
 -35      0.000
 -40      0.000
 -45      0.000
 -50      0.000
