 150   4948.731
 145   6237.064
 140   8060.951
 135  10232.777
 130  13507.998
 125  18372.675
 120  25742.353
 115  35369.643
 110  48372.661
 105  65655.143
 100  85664.910
  95 106910.072
  90 133007.017
  85 153927.528
  80 175888.744
  75 193000.331
  70 207839.940
  65 218067.728
  60 226625.604
  55 232199.618
  50 239973.029
  45 248185.952
  40 258429.189
  35 264635.252
  30 274026.203
  25 287578.138
  20 299259.336
  15 311364.283
  10 337736.609
   5 365473.481
   0 414362.803
  -5 519298.274
 -10 360702.605
 -15  14183.654
 -20    164.658
 -25      0.998
 -30      0.000
 -35      0.000
 -40      0.000
 -45      0.000
 -50      0.000
