 150      9.979
 145     21.954
 140     31.934
 135     34.928
 130     35.925
 125     65.863
 120     71.923
 115     89.814
 110    126.862
 105    120.871
 100    131.858
  95    186.799
  90    274.705
  85    331.643
  80    402.567
  75    591.772
  70    722.501
  65   1052.815
  60   1689.186
  55   3178.586
  50   6447.069
  45  13147.853
  40  26373.648
  35  44732.912
  30  66661.211
  25  85551.651
  20  96497.863
  15  99528.007
  10 106914.281
   5 113760.821
   0 134503.678
  -5 219800.934
 -10     45.951
 -15      0.000
 -20      0.000
 -25      0.000
 -30      0.000
 -35      0.000
 -40      0.000
 -45      0.000
 -50      0.000
