 150    520.919
 145    683.590
 140    880.174
 135   1200.508
 130   1620.258
 125   2319.509
 120   3249.261
 115   4353.970
 110   5855.849
 105   7665.103
 100   9505.277
  95  11683.756
  90  13769.415
  85  15733.353
  80  17245.268
  75  18168.319
  70  19695.152
  65  19600.329
  60  20564.308
  55  21142.151
  50  21937.436
  45  22569.237
  40  23549.159
  35  24329.419
  30  25760.495
  25  26659.708
  20  28398.618
  15  30385.254
  10  34742.354
   5  41022.509
   0  52243.890
  -5  77536.267
 -10  24924.282
 -15     84.909
 -20      0.999
 -25      0.000
 -30      0.000
 -35      0.000
 -40      0.000
 -45      0.000
 -50      0.000
