 150   1041.838
 145   1453.002
 140   1920.016
 135   2488.836
 130   3421.325
 125   4551.112
 120   5735.105
 115   7067.342
 110   8635.099
 105  10009.241
 100  11216.736
  95  12074.944
  90  13014.981
  85  13550.882
  80  14353.231
  75  14873.123
  70  15505.841
  65  15701.420
  60  16406.939
  55  17184.342
  50  17962.709
  45  18264.138
  40  19646.273
  35  20808.739
  30  21993.342
  25  23819.551
  20  25852.967
  15  29068.944
  10  34981.888
   5  43352.696
   0  60567.950
  -5 100680.390
 -10   6607.290
 -15     19.979
 -20      0.000
 -25      0.000
 -30      0.000
 -35      0.000
 -40      0.000
 -45      0.000
 -50      0.000
