 150    198.588
 145    258.467
 140    322.331
 135    383.205
 130    557.401
 125    786.156
 120   1174.564
 115   1562.759
 110   2365.097
 105   3296.164
 100   4649.357
  95   6535.439
  90   8628.088
  85  11033.106
  80  13748.486
  75  15664.481
  70  17297.126
  65  18239.154
  60  18739.098
  55  19165.232
  50  19600.310
  45  19097.411
  40  19812.928
  35  20223.954
  30  21199.989
  25  21441.487
  20  22998.932
  15  24718.931
  10  28980.431
   5  35871.280
   0  50957.272
  -5  89098.388
 -10  16933.862
 -15     26.971
 -20      0.000
 -25      0.000
 -30      0.000
 -35      0.000
 -40      0.000
 -45      0.000
 -50      0.000
