 150      0.000
 145      0.000
 140      0.000
 135      0.000
 130      1.998
 125      0.000
 120      0.000
 115      0.000
 110      0.998
 105      0.000
 100      0.998
  95      0.000
  90      1.996
  85      3.992
  80      3.992
  75      7.983
  70      4.990
  65     19.959
  60     20.956
  55     29.938
  50     51.892
  45     73.847
  40    132.725
  35    203.577
  30    580.794
  25   1700.473
  20   5247.097
  15  11447.361
  10  18037.284
   5  21424.330
   0  24613.565
  -5  32499.628
 -10      0.000
 -15      0.000
 -20      0.000
 -25      0.000
 -30      0.000
 -35      0.000
 -40      0.000
 -45      0.000
 -50      0.000
