 150      0.000
 145      0.000
 140      0.000
 135      0.000
 130      2.997
 125      0.999
 120      2.994
 115      0.998
 110      1.996
 105      9.979
 100     14.969
  95     17.963
  90     20.956
  85     30.936
  80     36.923
  75     38.919
  70     57.880
  65     70.853
  60     87.818
  55    158.671
  50    228.525
  45    455.056
  40   1051.819
  35   2662.467
  30   6318.876
  25  11945.226
  20  17889.825
  15  20960.716
  10  22493.965
   5  23046.947
   0  25461.654
  -5  35151.132
 -10      0.000
 -15      0.000
 -20      0.000
 -25      0.000
 -30      0.000
 -35      0.000
 -40      0.000
 -45      0.000
 -50      0.000
