 150    155.677
 145    140.710
 140    182.621
 135    208.567
 130    274.705
 125    373.599
 120    495.971
 115    733.479
 110   1103.711
 105   1557.769
 100   2513.784
  95   3648.433
  90   5461.662
  85   7613.203
  80  10141.966
  75  12777.499
  70  15187.501
  65  16525.709
  60  17631.397
  55  18368.885
  50  19010.515
  45  19246.122
  40  19825.881
  35  20483.435
  30  21367.619
  25  22153.032
  20  23636.576
  15  24616.168
  10  27326.914
   5  30944.512
   0  40030.967
  -5  61575.416
 -10  12518.025
 -15      6.992
 -20      0.000
 -25      0.000
 -30      0.000
 -35      0.000
 -40      0.000
 -45      0.000
 -50      0.000
