 150   2606.591
 145   2749.328
 140   3424.893
 135   3989.721
 130   4460.210
 125   5372.230
 120   6313.905
 115   6880.729
 110   7753.926
 105   8642.076
 100  10314.608
  95  11752.613
  90  13033.942
  85  13955.043
  80  15616.611
  75  17120.458
  70  17964.741
  65  18526.557
  60  19705.092
  55  19990.520
  50  20657.116
  45  20579.339
  40  20938.594
  35  21498.305
  30  22097.126
  25  22753.763
  20  23121.676
  15  23807.813
  10  24913.930
   5  25906.038
   0  26934.073
  -5  30297.224
 -10  14828.231
 -15    111.880
 -20     12.986
 -25      1.998
 -30      0.000
 -35      1.998
 -40      0.000
 -45      4.995
 -50      0.000
