 150    104.783
 145    104.784
 140    113.764
 135    145.698
 130    171.815
 125    187.798
 120    232.518
 115    319.338
 110    384.204
 105    642.666
 100    904.125
  95   1384.128
  90   2061.718
  85   2900.980
  80   4401.862
  75   6011.532
  70   8075.252
  65   9835.591
  60  11312.504
  55  12738.567
  50  14106.714
  45  14472.000
  40  15238.411
  35  16047.637
  30  17215.261
  25  18241.131
  20  19471.305
  15  21368.852
  10  24293.227
   5  29506.538
   0  40852.125
  -5  65579.120
 -10  19206.147
 -15     21.976
 -20      0.000
 -25      0.000
 -30      0.000
 -35      0.000
 -40      0.000
 -45      0.000
 -50      0.000
