 150      0.000
 145      0.998
 140      0.000
 135      0.000
 130      0.000
 125      0.000
 120      0.000
 115      0.000
 110      0.000
 105      0.000
 100      0.000
  95      0.998
  90      0.000
  85      0.000
  80      0.998
  75      0.998
  70      0.000
  65      4.990
  60      3.992
  55      7.983
  50     25.946
  45     36.923
  40     49.897
  35     96.799
  30    119.751
  25    201.582
  20    420.122
  15   1451.004
  10   5312.891
   5  12638.661
   0  19156.426
  -5  24809.570
 -10      0.000
 -15      0.000
 -20      0.000
 -25      0.000
 -30      0.000
 -35      0.000
 -40      0.000
 -45      0.000
 -50      0.000
