 150    550.857
 145    788.374
 140   1059.801
 135   1323.254
 130   1952.903
 125   2819.971
 120   3809.100
 115   5080.463
 110   6567.373
 105   8329.724
 100  10129.990
  95  11917.284
  90  13293.416
  85  14454.008
  80  15437.982
  75  15899.010
  70  16684.363
  65  16369.018
  60  17159.377
  55  17311.080
  50  18074.477
  45  18193.285
  40  18780.050
  35  19310.872
  30  20486.470
  25  21602.175
  20  22945.045
  15  25549.215
  10  30273.758
   5  38300.221
   0  54641.261
  -5  93702.754
 -10  20583.290
 -15     88.905
 -20      0.999
 -25      0.000
 -30      0.000
 -35      0.000
 -40      0.000
 -45      0.000
 -50      0.000
