 150     14.969
 145     28.940
 140     17.963
 135     28.940
 130     38.958
 125     42.954
 120     44.907
 115     42.911
 110     61.872
 105     69.855
 100     71.851
  95    112.766
  90    141.706
  85    193.598
  80    270.439
  75    437.093
  70    763.416
  65   1393.109
  60   2685.428
  55   4666.322
  50   7720.956
  45  11144.897
  40  14431.084
  35  17537.574
  30  19632.263
  25  20919.592
  20  22033.171
  15  23250.987
  10  25931.115
   5  28108.366
   0  32900.027
  -5  45231.236
 -10    290.397
 -15      2.997
 -20      0.000
 -25      0.000
 -30      0.000
 -35      0.000
 -40      0.000
 -45      0.000
 -50      0.000
