 150      5.988
 145     11.975
 140     17.963
 135     19.959
 130     29.968
 125     26.971
 120     34.928
 115     46.903
 110     62.870
 105     50.894
 100     61.872
  95     90.812
  90     96.799
  85    111.768
  80    145.698
  75    223.536
  70    387.197
  65    597.760
  60   1100.715
  55   2090.664
  50   4139.402
  45   6852.801
  40  11031.121
  35  14719.398
  30  17508.635
  25  19182.216
  20  19974.234
  15  20629.400
  10  22220.537
   5  23988.009
   0  29278.555
  -5  44897.927
 -10   1521.842
 -15      0.999
 -20      0.000
 -25      0.000
 -30      0.000
 -35      0.000
 -40      0.000
 -45      0.000
 -50      0.000
