 150   1220.468
 145   1634.629
 140   2202.430
 135   2850.083
 130   4022.676
 125   5274.335
 120   6919.649
 115   8837.671
 110  10748.696
 105  12884.278
 100  14928.024
  95  16611.531
  90  18081.463
  85  18944.690
  80  19394.814
  75  19896.734
  70  20706.056
  65  20752.938
  60  21104.188
  55  21348.723
  50  22143.009
  45  22379.629
  40  23084.124
  35  23540.060
  30  24976.125
  25  26000.076
  20  28202.030
  15  30928.133
  10  36260.180
   5  45191.820
   0  59832.740
  -5  90192.032
 -10  26083.876
 -15    195.790
 -20      3.996
 -25      0.000
 -30      0.000
 -35      0.000
 -40      0.000
 -45      0.000
 -50      0.000
