 150    112.766
 145    123.745
 140    152.683
 135    176.633
 130    241.740
 125    283.695
 120    418.133
 115    585.785
 110    787.366
 105   1247.413
 100   1916.024
  95   2754.285
  90   4037.618
  85   5486.615
  80   7429.606
  75   8942.453
  70  10611.991
  65  11793.528
  60  13007.995
  55  13522.953
  50  14233.437
  45  14613.720
  40  15721.394
  35  16560.571
  30  17750.133
  25  18902.796
  20  20366.414
  15  22381.782
  10  26218.178
   5  31812.702
   0  43325.468
  -5  71726.311
 -10   9179.952
 -15      8.990
 -20      0.000
 -25      0.000
 -30      0.000
 -35      0.000
 -40      0.000
 -45      0.000
 -50      0.000
