 150   3143.480
 145   3889.975
 140   5065.489
 135   5960.632
 130   7534.908
 125   8658.701
 120   9767.742
 115  10990.206
 110  11686.785
 105  12544.969
 100  13229.562
  95  13552.878
  90  14040.837
  85  14184.567
  80  14927.012
  75  15207.460
  70  15885.054
  65  15989.821
  60  16227.296
  55  17086.545
  50  17328.027
  45  17622.469
  40  18640.359
  35  19318.836
  30  21217.952
  25  22905.448
  20  25305.112
  15  28773.554
  10  35195.442
   5  44205.919
   0  62347.039
  -5  97525.926
 -10  22474.366
 -15    306.671
 -20      5.994
 -25      0.999
 -30      0.000
 -35      0.000
 -40      0.000
 -45      0.000
 -50      0.000
