 150    258.464
 145    340.298
 140    432.103
 135    579.797
 130    888.045
 125   1148.766
 120   1614.651
 115   2268.296
 110   3236.288
 105   4729.192
 100   6588.329
  95   8749.853
  90  11328.482
  85  13966.021
  80  16542.690
  75  18457.719
  70  20378.735
  65  20967.492
  60  21763.818
  55  21912.531
  50  22825.591
  45  22688.988
  40  23519.221
  35  23910.314
  30  25161.739
  25  25535.015
  20  27241.039
  15  29193.715
  10  32443.226
   5  38337.105
   0  50007.242
  -5  76489.514
 -10  21337.724
 -15     20.977
 -20      0.000
 -25      0.000
 -30      0.000
 -35      0.000
 -40      0.000
 -45      0.000
 -50      0.000
