 150   1526.832
 145   2024.823
 140   2776.239
 135   3658.409
 130   4844.797
 125   6128.418
 120   7767.889
 115   9581.129
 110  11427.311
 105  12988.063
 100  14566.788
  95  15774.268
  90  16823.075
  85  17153.407
  80  17966.737
  75  18635.313
  70  19492.572
  65  19523.489
  60  20029.419
  55  20266.946
  50  20827.762
  45  21327.787
  40  22646.055
  35  23087.002
  30  24764.589
  25  26439.112
  20  28928.539
  15  33440.911
  10  39858.695
   5  50734.320
   0  69368.498
  -5 107567.121
 -10   6343.837
 -15     35.961
 -20      0.000
 -25      0.000
 -30      0.000
 -35      0.000
 -40      0.000
 -45      0.000
 -50      0.000
