 150      0.000
 145      0.000
 140      0.998
 135      0.998
 130      0.000
 125      0.000
 120      0.000
 115      0.000
 110      2.994
 105      1.996
 100      3.992
  95      2.994
  90      5.988
  85      5.988
  80     15.967
  75     20.957
  70     29.938
  65     45.905
  60     55.884
  55     72.849
  50    111.768
  45    137.714
  40    269.441
  35    698.549
  30   1921.010
  25   5229.155
  20  11100.932
  15  16683.548
  10  20360.426
   5  22828.403
   0  25964.089
  -5  35079.281
 -10      1.996
 -15      0.000
 -20      0.000
 -25      0.000
 -30      0.000
 -35      0.000
 -40      0.000
 -45      0.000
 -50      0.000
