 150     16.965
 145     13.971
 140     23.950
 135     24.948
 130     30.967
 125     38.958
 120     44.907
 115     57.880
 110     68.857
 105     66.861
 100     76.841
  95    112.766
  90    126.737
  85    173.640
  80    236.510
  75    376.219
  70    597.760
  65   1049.822
  60   2070.703
  55   3791.137
  50   6784.901
  45  10622.979
  40  14849.218
  35  18387.809
  30  20505.451
  25  22021.306
  20  22685.814
  15  23888.670
  10  25407.204
   5  27371.902
   0  31807.189
  -5  43063.729
 -10   1248.408
 -15      0.000
 -20      0.000
 -25      0.000
 -30      0.000
 -35      0.000
 -40      0.000
 -45      0.000
 -50      0.000
