 150    386.199
 145    484.999
 140    670.608
 135    956.016
 130   1245.662
 125   1848.015
 120   2512.788
 115   3576.582
 110   4836.963
 105   6618.274
 100   8566.234
  95  10308.620
  90  12514.033
  85  13962.029
  80  15446.963
  75  16599.556
  70  17245.199
  65  17141.414
  60  17606.449
  55  17991.667
  50  18238.138
  45  18152.370
  40  18860.883
  35  19259.978
  30  20294.868
  25  21167.078
  20  23090.740
  15  25086.172
  10  29833.677
   5  37182.549
   0  53250.755
  -5  93545.081
 -10  18422.773
 -15     44.952
 -20      0.000
 -25      0.000
 -30      0.000
 -35      0.000
 -40      0.000
 -45      0.000
 -50      0.000
