 150      0.000
 145      0.000
 140      0.000
 135      0.000
 130      0.000
 125      0.000
 120      0.000
 115      0.000
 110      0.000
 105      0.000
 100      0.000
  95      0.000
  90      0.000
  85      0.000
  80      0.000
  75      0.000
  70      0.000
  65      0.000
  60      3.992
  55      0.998
  50      5.988
  45      6.986
  40     13.971
  35     25.946
  30     58.878
  25     97.797
  20    224.533
  15   1133.659
  10   5074.389
   5  13498.855
   0  20431.057
  -5  26745.556
 -10      0.000
 -15      0.000
 -20      0.000
 -25      0.000
 -30      0.000
 -35      0.000
 -40      0.000
 -45      0.000
 -50      0.000
