 150     42.911
 145     42.911
 140     56.882
 135     77.838
 130    100.892
 125    101.891
 120     91.810
 115    137.714
 110    146.696
 105    171.644
 100    219.544
  95    284.410
  90    371.229
  85    516.927
  80    906.121
  75   1576.730
  70   2741.315
  65   4537.585
  60   7367.705
  55  10959.260
  50  14440.008
  45  17439.865
  40  19043.504
  35  20284.848
  30  21451.445
  25  21697.977
  20  22998.909
  15  24014.410
  10  26590.453
   5  29313.910
   0  37617.561
  -5  60338.978
 -10   3502.732
 -15      0.000
 -20      0.000
 -25      0.000
 -30      0.000
 -35      0.000
 -40      0.000
 -45      0.000
 -50      0.000
