 150     39.917
 145     55.885
 140     69.855
 135     73.847
 130     59.936
 125     78.915
 120    104.783
 115    125.739
 110    156.675
 105    165.656
 100    247.487
  95    369.234
  90    526.907
  85    874.186
  80   1474.941
  75   2366.090
  70   3799.113
  65   5699.169
  60   8202.971
  55  10892.398
  50  12889.242
  45  14375.200
  40  15404.052
  35  16293.143
  30  17279.129
  25  18313.001
  20  19496.253
  15  21375.838
  10  24426.972
   5  29180.218
   0  40930.999
  -5  67231.629
 -10    129.731
 -15      0.000
 -20      0.000
 -25      0.000
 -30      0.000
 -35      0.000
 -40      0.000
 -45      0.000
 -50      0.000
