 150   2619.564
 145   3406.971
 140   4451.763
 135   5565.452
 130   7102.365
 125   8644.716
 120  10573.071
 115  12338.410
 110  13674.639
 105  14956.979
 100  16139.511
  95  16855.043
  90  17977.678
  85  18012.624
  80  18534.559
  75  19037.516
  70  19634.279
  65  19956.590
  60  20585.265
  55  20842.751
  50  21783.755
  45  22129.148
  40  22982.335
  35  23482.204
  30  25184.691
  25  26107.826
  20  28239.950
  15  31186.600
  10  35776.263
   5  42533.360
   0  54362.560
  -5  76739.995
 -10  25696.679
 -15    295.682
 -20      6.993
 -25      0.000
 -30      0.000
 -35      0.000
 -40      0.000
 -45      0.000
 -50      0.000
