 150   5448.694
 145   6172.267
 140   7348.751
 135   8078.238
 130   9153.169
 125   9888.380
 120  10613.987
 115  11074.032
 110  11397.373
 105  12311.466
 100  12598.870
  95  13005.015
  90  13529.912
  85  13750.468
  80  14421.091
  75  15359.114
  70  15922.976
  65  16285.208
  60  17172.350
  55  17588.504
  50  18709.160
  45  19216.165
  40  20817.845
  35  21758.764
  30  23958.263
  25  25779.482
  20  28981.429
  15  32954.915
  10  40017.364
   5  49191.534
   0  65082.102
  -5  91548.312
 -10  19547.439
 -15    258.722
 -20      2.997
 -25      0.999
 -30      0.000
 -35      0.000
 -40      0.000
 -45      0.000
 -50      0.000
