 150      0.000
 145      0.998
 140      0.000
 135      0.000
 130      0.000
 125      0.000
 120      0.000
 115      0.000
 110      0.998
 105      0.000
 100      3.992
  95      3.992
  90      5.988
  85      5.988
  80      9.979
  75     15.967
  70     16.965
  65     21.954
  60     38.919
  55     53.888
  50     66.861
  45     73.847
  40    146.696
  35    332.310
  30    836.265
  25   2343.138
  20   6243.015
  15  13337.458
  10  20368.674
   5  24041.849
   0  26569.756
  -5  32170.311
 -10     56.882
 -15      0.000
 -20      0.000
 -25      0.000
 -30      0.000
 -35      0.000
 -40      0.000
 -45      0.000
 -50      0.000
