 150      0.000
 145      0.000
 140      0.000
 135      0.000
 130      0.000
 125      0.000
 120      0.000
 115      0.000
 110      0.998
 105      0.998
 100      0.000
  95      5.988
  90      4.990
  85      8.981
  80      7.983
  75      9.979
  70     19.959
  65     23.950
  60     27.942
  55     48.899
  50     62.869
  45     96.799
  40    168.650
  35    310.355
  30    812.313
  25   2629.546
  20   6938.582
  15  13726.654
  10  19997.186
   5  22141.834
   0  23969.257
  -5  31084.562
 -10      0.000
 -15      0.000
 -20      0.000
 -25      0.000
 -30      0.000
 -35      0.000
 -40      0.000
 -45      0.000
 -50      0.000
