 150   2312.202
 145   3027.754
 140   3777.162
 135   5053.514
 130   6592.913
 125   8022.384
 120   9621.046
 115  11021.142
 110  12366.352
 105  13623.744
 100  14439.039
  95  14932.031
  90  16065.648
  85  16098.595
  80  16779.200
  75  17389.933
  70  18053.557
  65  18019.609
  60  19151.242
  55  19210.139
  50  20040.376
  45  20720.068
  40  21435.543
  35  22506.232
  30  24073.000
  25  25888.282
  20  27842.781
  15  31634.674
  10  37703.238
   5  46498.098
   0  63061.209
  -5  96562.922
 -10  16030.736
 -15     52.943
 -20      0.999
 -25      0.000
 -30      0.000
 -35      0.000
 -40      0.000
 -45      0.000
 -50      0.000
