 150    785.370
 145   1086.758
 140   1423.047
 135   1978.894
 130   2907.874
 125   3813.904
 120   5049.527
 115   6756.986
 110   8246.896
 105  10279.680
 100  12066.961
  95  13494.013
  90  14965.931
  85  15660.504
  80  16908.931
  75  17579.540
  70  18597.429
  65  18715.166
  60  19710.082
  55  20662.126
  50  21337.682
  45  22264.867
  40  23052.190
  35  24292.520
  30  25502.032
  25  26665.669
  20  28381.654
  15  30869.255
  10  35903.997
   5  42604.213
   0  56697.051
  -5  84418.086
 -10  10734.725
 -15     18.980
 -20      0.000
 -25      0.000
 -30      0.000
 -35      0.000
 -40      0.000
 -45      0.000
 -50      0.000
