 150      0.000
 145      0.998
 140      0.998
 135      1.996
 130      2.997
 125      0.999
 120      3.992
 115     14.969
 110      6.986
 105      9.979
 100     14.969
  95     21.954
  90     18.961
  85     29.938
  80     37.921
  75     46.903
  70     58.878
  65     92.807
  60     92.807
  55    145.698
  50    227.527
  45    511.939
  40   1043.835
  35   2571.654
  30   5819.912
  25  10528.165
  20  15109.406
  15  17793.257
  10  19535.152
   5  21238.738
   0  24208.001
  -5  33812.906
 -10    200.584
 -15      0.000
 -20      0.000
 -25      0.000
 -30      0.000
 -35      0.000
 -40      0.000
 -45      0.000
 -50      0.000
