 150    481.002
 145    663.631
 140    852.232
 135   1158.596
 130   1556.329
 125   2177.661
 120   3184.396
 115   4169.353
 110   5656.263
 105   7360.734
 100   9202.913
  95  10735.734
  90  12719.607
  85  14008.931
  80  15738.359
  75  16437.891
  70  17093.514
  65  17396.884
  60  18575.437
  55  18529.551
  50  19472.575
  45  19950.642
  40  21087.265
  35  21643.026
  30  23030.189
  25  24297.583
  20  26605.395
  15  28753.595
  10  33443.137
   5  40127.415
   0  54580.326
  -5  92965.283
 -10  20383.704
 -15     52.943
 -20      0.000
 -25      0.000
 -30      0.000
 -35      0.000
 -40      0.000
 -45      0.000
 -50      0.000
