 150    868.198
 145   1114.701
 140   1648.579
 135   2184.465
 130   3110.656
 125   4025.676
 120   5030.567
 115   6500.518
 110   8148.093
 105   9510.276
 100  10922.336
  95  11699.723
  90  12898.223
  85  13522.940
  80  14492.971
  75  14998.892
  70  15749.336
  65  15936.931
  60  16734.260
  55  17258.206
  50  18118.368
  45  18092.512
  40  19160.262
  35  20570.234
  30  21921.469
  25  23327.619
  20  25666.332
  15  28578.984
  10  34073.752
   5  42251.947
   0  56788.010
  -5  85775.188
 -10  11911.284
 -15     26.971
 -20      0.000
 -25      0.999
 -30      0.000
 -35      0.000
 -40      0.000
 -45      0.000
 -50      0.000
