 150   1076.766
 145   1490.924
 140   1950.952
 135   2584.637
 130   3656.073
 125   4694.958
 120   6163.217
 115   7848.722
 110   9666.941
 105  11574.993
 100  13313.388
  95  14634.648
  90  15850.111
  85  16231.320
  80  17051.635
  75  17489.709
  70  18184.249
  65  17912.813
  60  18868.828
  55  18831.924
  50  19643.221
  45  19828.895
  40  20535.410
  35  21757.787
  30  22961.332
  25  24104.982
  20  26669.261
  15  30091.830
  10  36240.294
   5  46144.880
   0  65415.678
  -5 108484.112
 -10   3562.608
 -15     17.981
 -20      1.998
 -25      0.000
 -30      0.000
 -35      0.000
 -40      0.000
 -45      0.000
 -50      0.000
