 150    184.617
 145    242.500
 140    258.464
 135    351.271
 130    485.478
 125    611.343
 120    886.162
 115   1280.345
 110   1846.169
 105   2804.184
 100   3980.740
  95   5738.093
  90   7743.924
  85   9769.728
  80  12191.739
  75  14315.310
  70  16193.415
  65  16753.237
  60  17860.921
  55  18473.686
  50  19113.302
  45  19546.500
  40  20478.528
  35  21317.681
  30  22779.687
  25  23501.258
  20  25278.143
  15  27257.713
  10  31383.377
   5  38379.018
   0  52248.885
  -5  83156.616
 -10   8369.633
 -15     11.987
 -20      0.000
 -25      0.000
 -30      0.000
 -35      0.000
 -40      0.000
 -45      0.000
 -50      0.000
