 150    650.650
 145    924.094
 140   1203.503
 135   1654.567
 130   2257.573
 125   3125.643
 120   4239.208
 115   5751.072
 110   7297.864
 105   9229.857
 100  11319.512
  95  12979.081
  90  14986.887
  85  16206.372
  80  17324.070
  75  17894.886
  70  18621.379
  65  18892.797
  60  19522.471
  55  19884.739
  50  20865.662
  45  20600.316
  40  21749.891
  35  22600.037
  30  24065.017
  25  25379.338
  20  27487.524
  15  30588.834
  10  36020.753
   5  44919.388
   0  60061.434
  -5  88049.561
 -10  19911.683
 -15     77.916
 -20      0.999
 -25      0.000
 -30      0.000
 -35      0.000
 -40      0.000
 -45      0.000
 -50      0.000
