 150    286.406
 145    381.214
 140    435.097
 135    644.662
 130    940.989
 125   1364.534
 120   1967.919
 115   3043.687
 110   4131.427
 105   5917.727
 100   7821.778
  95  10028.202
  90  12728.588
  85  14288.352
  80  16049.713
  75  16797.146
  70  17636.387
  65  18054.519
  60  18877.810
  55  19427.688
  50  19860.769
  45  20215.094
  40  20676.118
  35  21622.069
  30  22727.817
  25  23798.618
  20  25577.543
  15  28019.113
  10  32510.086
   5  40401.843
   0  56649.102
  -5  96287.396
 -10     78.836
 -15      0.000
 -20      0.000
 -25      0.000
 -30      0.000
 -35      0.000
 -40      0.000
 -45      0.000
 -50      0.000
