 150      0.000
 145      0.000
 140      0.000
 135      0.000
 130      0.000
 125      0.000
 120      0.000
 115      0.000
 110      0.000
 105      0.000
 100      0.998
  95      0.998
  90      4.990
  85      6.986
  80      3.992
  75     10.977
  70     11.975
  65     11.975
  60     29.938
  55     29.938
  50     46.903
  45     64.865
  40    101.789
  35    219.544
  30    603.746
  25   1700.473
  20   4576.490
  15   9563.252
  10  14396.896
   5  17127.290
   0  20330.165
  -5  29537.768
 -10      0.000
 -15      0.000
 -20      0.000
 -25      0.000
 -30      0.000
 -35      0.000
 -40      0.000
 -45      0.000
 -50      0.000
