 150      0.000
 145      0.000
 140      0.000
 135      0.000
 130      0.999
 125      0.000
 120      0.000
 115      0.000
 110      0.000
 105      0.000
 100      0.000
  95      0.000
  90      0.000
  85      0.998
  80      1.996
  75      3.992
  70      0.998
  65     10.977
  60      9.979
  55     12.973
  50     21.954
  45     42.911
  40     57.880
  35    101.789
  30    171.643
  25    436.096
  20   1659.551
  15   5698.233
  10  14078.562
   5  21102.002
   0  24261.918
  -5  31189.344
 -10      1.996
 -15      0.000
 -20      0.000
 -25      0.000
 -30      0.000
 -35      0.000
 -40      0.000
 -45      0.000
 -50      0.000
