 150     53.888
 145     63.868
 140     73.847
 135     73.847
 130    105.886
 125    112.879
 120    116.758
 115    150.687
 110    201.582
 105    229.524
 100    314.348
  95    429.110
  90    709.527
  85   1069.780
  80   1895.072
  75   2919.941
  70   4889.858
  65   7305.840
  60  10715.754
  55  14418.097
  50  17595.454
  45  19917.691
  40  21652.115
  35  22904.428
  30  24154.830
  25  24854.452
  20  25986.999
  15  27115.008
  10  29876.528
   5  32531.173
   0  40994.930
  -5  63090.214
 -10   1325.250
 -15      1.998
 -20      0.000
 -25      0.000
 -30      0.000
 -35      0.000
 -40      0.000
 -45      0.000
 -50      0.000
