 150      0.998
 145      0.998
 140      0.000
 135      0.000
 130      0.999
 125      0.999
 120      1.996
 115      2.994
 110      2.994
 105      6.986
 100      5.988
  95     13.971
  90     10.977
  85     22.952
  80     24.948
  75     34.928
  70     40.915
  65     53.888
  60     85.822
  55     83.826
  50    157.672
  45    240.501
  40    480.005
  35   1163.583
  30   2980.815
  25   6765.961
  20  12719.543
  15  18128.565
  10  22373.508
   5  24289.332
   0  26809.501
  -5  34250.998
 -10    321.333
 -15      0.000
 -20      0.000
 -25      0.000
 -30      0.000
 -35      0.000
 -40      0.000
 -45      0.000
 -50      0.000
