 150     12.973
 145     44.907
 140     37.921
 135     40.915
 130     50.945
 125     54.941
 120     66.861
 115     78.836
 110    108.774
 105    108.774
 100    143.702
  95    164.658
  90    220.542
  85    283.412
  80    396.179
  75    676.596
  70   1098.721
  65   1858.144
  60   3518.695
  55   6049.453
  50   9724.802
  45  13702.581
  40  18094.490
  35  20599.215
  30  22607.045
  25  23140.008
  20  23936.260
  15  24429.553
  10  26658.258
   5  29211.095
   0  37265.939
  -5  61062.418
 -10    277.424
 -15      0.000
 -20      0.000
 -25      0.000
 -30      0.000
 -35      0.000
 -40      0.000
 -45      0.000
 -50      0.000
