 150    787.366
 145   1085.760
 140   1402.091
 135   1952.948
 130   2855.933
 125   3833.882
 120   5249.113
 115   6944.597
 110   8630.110
 105  10893.407
 100  12748.559
  95  14474.964
  90  16199.370
  85  17029.663
  80  18133.391
  75  18930.700
  70  19821.889
  65  19697.128
  60  20905.600
  55  21261.882
  50  22007.313
  45  22279.814
  40  23529.224
  35  24140.811
  30  25563.929
  25  26770.425
  20  28448.543
  15  30979.995
  10  35881.009
   5  43257.894
   0  59783.792
  -5 101209.294
 -10   9426.440
 -15     21.976
 -20      0.000
 -25      0.000
 -30      0.000
 -35      0.000
 -40      0.000
 -45      0.000
 -50      0.000
