 150   3477.784
 145   4334.059
 140   5503.580
 135   6486.540
 130   7618.817
 125   8757.594
 120   9807.659
 115  10883.428
 110  11590.972
 105  11682.770
 100  12511.052
  95  12961.106
  90  13495.982
  85  13730.509
  80  14438.055
  75  14612.664
  70  15523.804
  65  15702.417
  60  16533.676
  55  17094.529
  50  17829.985
  45  18307.049
  40  19597.375
  35  20797.761
  30  22424.447
  25  24306.540
  20  27013.542
  15  30731.509
  10  36927.821
   5  46712.697
   0  63663.625
  -5  95768.568
 -10  13955.043
 -15     97.895
 -20      0.000
 -25      0.000
 -30      0.000
 -35      0.000
 -40      0.000
 -45      0.000
 -50      0.000
