 150     17.963
 145     20.957
 140     21.954
 135     26.944
 130     40.956
 125     30.967
 120     52.890
 115     51.892
 110     72.849
 105     82.828
 100    110.770
  95    153.681
  90    171.644
  85    210.563
  80    286.406
  75    426.116
  70    711.524
  65   1258.389
  60   2336.150
  55   4348.980
  50   7489.444
  45  11872.377
  40  16926.911
  35  20784.830
  30  23512.165
  25  24976.199
  20  26004.962
  15  26998.249
  10  28659.074
   5  31041.279
   0  37849.312
  -5  57727.331
 -10    293.391
 -15      0.000
 -20      0.000
 -25      0.000
 -30      0.000
 -35      0.000
 -40      0.000
 -45      0.000
 -50      0.000
