 150      0.000
 145      0.000
 140      0.000
 135      0.000
 130      0.999
 125      0.000
 120      0.998
 115      0.000
 110      0.000
 105      0.000
 100      0.998
  95      0.998
  90      2.994
  85      7.983
  80      5.988
  75     13.971
  70     16.965
  65      8.981
  60     32.932
  55     36.923
  50     45.905
  45     61.872
  40    102.787
  35    228.525
  30    570.814
  25   1810.246
  20   4900.816
  15   9686.996
  10  14934.771
   5  17528.453
   0  20194.311
  -5  26846.348
 -10      3.992
 -15      0.000
 -20      0.000
 -25      0.000
 -30      0.000
 -35      0.000
 -40      0.000
 -45      0.000
 -50      0.000
