 150      5.988
 145      3.992
 140     10.977
 135     12.973
 130     16.982
 125      9.989
 120     25.946
 115     26.944
 110     31.934
 105     33.930
 100     45.905
  95     57.880
  90     75.843
  85     79.834
  80    105.781
  75    110.770
  70    168.650
  65    248.484
  60    364.244
  55    626.700
  50   1234.436
  45   2484.846
  40   5093.441
  35   9207.875
  30  14015.889
  25  17887.900
  20  20375.659
  15  21679.232
  10  24041.729
   5  26316.131
   0  32151.437
  -5  50796.698
 -10      9.979
 -15      0.000
 -20      0.000
 -25      0.000
 -30      0.000
 -35      0.000
 -40      0.000
 -45      0.000
 -50      0.000
