 150      0.000
 145      0.000
 140      0.000
 135      0.000
 130      0.000
 125      0.000
 120      0.000
 115      0.000
 110      0.000
 105      0.000
 100      0.000
  95      0.000
  90      0.000
  85      0.000
  80      0.000
  75      0.000
  70      0.000
  65      0.998
  60      0.000
  55      0.000
  50      0.000
  45      0.000
  40      0.000
  35      1.996
  30      4.990
  25     13.971
  20     41.912
  15     64.866
  10    265.445
   5   1990.851
   0  10525.695
  -5  21035.394
 -10      0.000
 -15      0.000
 -20      0.000
 -25      0.000
 -30      0.000
 -35      0.000
 -40      0.000
 -45      0.000
 -50      0.000
