 150   2845.096
 145   3816.127
 140   4983.659
 135   6222.089
 130   7673.751
 125   9186.134
 120  10946.297
 115  12787.479
 110  14279.385
 105  15364.135
 100  16477.809
  95  17178.372
  90  18041.546
  85  18717.162
  80  19695.152
  75  20257.985
  70  21043.356
  65  21249.906
  60  22233.843
  55  22848.589
  50  23611.958
  45  24094.077
  40  25482.150
  35  26191.574
  30  27525.829
  25  29076.666
  20  31082.008
  15  33792.219
  10  39173.167
   5  46717.640
   0  61195.215
  -5  88979.634
 -10  24172.841
 -15    228.754
 -20      1.998
 -25      0.000
 -30      0.000
 -35      0.000
 -40      0.000
 -45      0.000
 -50      0.000
