 150   2064.716
 145   2786.252
 140   3710.301
 135   4820.996
 130   6375.153
 125   7963.447
 120   9943.377
 115  11590.960
 110  13325.376
 105  14627.662
 100  15773.286
  95  16421.925
  90  16974.760
  85  16995.734
  80  17554.592
  75  18005.620
  70  18213.226
  65  18351.920
  60  18737.102
  55  18952.673
  50  19504.509
  45  19521.532
  40  19987.566
  35  20726.909
  30  21906.522
  25  23244.744
  20  25430.850
  15  28762.577
  10  35037.771
   5  44977.312
   0  64057.203
  -5 106781.748
 -10   9993.264
 -15     42.954
 -20      0.999
 -25      0.000
 -30      0.000
 -35      0.000
 -40      0.000
 -45      0.000
 -50      0.000
