 150      0.000
 145      2.994
 140      6.986
 135      3.992
 130      9.989
 125     10.988
 120      9.979
 115     15.967
 110     23.950
 105     26.944
 100     35.925
  95     46.903
  90     65.863
  85     64.865
  80     85.822
  75    118.754
  70    115.760
  65    168.650
  60    223.536
  55    356.261
  50    670.606
  45   1323.256
  40   2893.998
  35   5726.101
  30  10331.541
  25  15092.698
  20  18766.004
  15  21032.568
  10  23442.981
   5  26216.339
   0  32479.117
  -5  53669.743
 -10     11.975
 -15      0.000
 -20      0.000
 -25      0.000
 -30      0.000
 -35      0.000
 -40      0.000
 -45      0.000
 -50      0.000
