 150    105.781
 145     95.802
 140    110.770
 135    130.729
 130    175.811
 125    198.787
 120    280.418
 115    349.276
 110    480.004
 105    688.572
 100   1025.872
  95   1621.637
  90   2549.709
  85   3781.154
  80   5569.449
  75   7459.521
  70   9432.418
  65  11221.704
  60  12916.186
  55  13914.128
  50  15157.533
  45  15795.256
  40  17221.283
  35  18338.892
  30  20076.322
  25  20955.517
  20  22879.183
  15  25103.137
  10  29017.383
   5  33914.356
   0  44320.356
  -5  68399.208
 -10  13779.408
 -15      3.996
 -20      0.000
 -25      0.000
 -30      0.000
 -35      0.000
 -40      0.000
 -45      0.000
 -50      0.000
