 150     18.961
 145     36.924
 140     36.923
 135     39.917
 130     35.961
 125     56.939
 120     52.890
 115     70.853
 110     93.805
 105     85.822
 100    120.749
  95    139.710
  90    159.669
  85    217.549
  80    286.406
  75    379.213
  70    667.615
  65   1155.602
  60   2082.676
  55   3621.489
  50   6321.869
  45   9761.754
  40  13873.241
  35  17691.255
  30  20373.684
  25  21693.009
  20  22830.558
  15  24111.210
  10  25576.519
   5  28034.548
   0  33310.192
  -5  48651.146
 -10   2317.192
 -15      0.999
 -20      0.000
 -25      0.000
 -30      0.000
 -35      0.000
 -40      0.000
 -45      0.000
 -50      0.000
