 150      0.000
 145      0.000
 140      1.996
 135      0.998
 130      0.999
 125      4.995
 120      1.996
 115      3.992
 110      8.981
 105      1.996
 100     18.961
  95     14.969
  90     23.950
  85     36.923
  80     45.905
  75     50.894
  70     48.899
  65     87.818
  60    131.727
  55    168.650
  50    274.430
  45    469.028
  40   1173.567
  35   2784.217
  30   6507.497
  25  12420.228
  20  18237.067
  15  21895.785
  10  23778.588
   5  25228.374
   0  27076.218
  -5  33917.689
 -10     47.901
 -15      0.000
 -20      0.000
 -25      0.000
 -30      0.000
 -35      0.000
 -40      0.000
 -45      0.000
 -50      0.000
