 150    140.708
 145    186.615
 140    188.609
 135    229.524
 130    235.747
 125    369.603
 120    442.083
 115    535.889
 110    767.408
 105   1116.684
 100   1768.331
  95   2653.494
  90   3935.829
  85   5495.597
  80   7662.124
  75   9784.707
  70  12035.039
  65  13652.671
  60  14932.999
  55  16062.686
  50  17104.474
  45  17471.798
  40  18366.907
  35  19620.210
  30  20977.430
  25  22565.200
  20  24529.708
  15  27198.834
  10  31802.501
   5  38993.737
   0  53507.533
  -5  87520.570
 -10   2454.906
 -15      5.994
 -20      0.000
 -25      0.000
 -30      0.000
 -35      0.000
 -40      0.000
 -45      0.000
 -50      0.000
