 150     98.795
 145    100.792
 140    112.766
 135    152.683
 130    146.842
 125    178.808
 120    264.452
 115    319.338
 110    408.154
 105    594.766
 100    860.216
  95   1354.190
  90   2128.581
  85   3270.214
  80   4914.807
  75   7180.094
  70   9748.781
  65  12263.553
  60  14804.266
  55  16529.701
  50  17949.736
  45  18458.735
  40  19378.828
  35  19988.444
  30  21296.788
  25  21687.976
  20  23008.911
  15  24250.898
  10  26836.911
   5  31019.387
   0  40488.515
  -5  61767.019
 -10   3904.897
 -15      1.998
 -20      0.000
 -25      0.000
 -30      0.000
 -35      0.000
 -40      0.000
 -45      0.000
 -50      0.000
