 150     22.952
 145     15.967
 140     21.954
 135     26.944
 130     32.965
 125     34.962
 120     55.884
 115     45.905
 110     71.851
 105     69.855
 100     86.820
  95    117.756
  90    160.666
  85    174.638
  80    224.535
  75    365.242
  70    639.673
  65   1102.712
  60   2072.697
  55   3914.881
  50   6912.642
  45  10920.351
  40  15454.962
  35  19181.161
  30  21825.668
  25  23003.291
  20  23893.350
  15  25156.053
  10  26809.940
   5  29144.234
   0  35804.510
  -5  59301.069
 -10    309.358
 -15      0.000
 -20      0.000
 -25      0.000
 -30      0.000
 -35      0.000
 -40      0.000
 -45      0.000
 -50      0.000
