 150      0.000
 145      0.000
 140      0.000
 135      0.000
 130      0.000
 125      0.000
 120      0.000
 115      0.000
 110      0.000
 105      0.000
 100      0.000
  95      0.000
  90      0.998
  85      0.000
  80      0.000
  75      0.000
  70      1.996
  65      0.998
  60      1.996
  55      0.998
  50      4.990
  45     10.977
  40     14.969
  35     22.952
  30     55.884
  25     79.834
  20    275.428
  15   1135.655
  10   4814.932
   5  12657.609
   0  19478.081
  -5  24884.415
 -10      0.000
 -15      0.000
 -20      0.000
 -25      0.000
 -30      0.000
 -35      0.000
 -40      0.000
 -45      0.000
 -50      0.000
