 150      0.000
 145      0.000
 140      0.000
 135      0.000
 130      0.000
 125      0.000
 120      0.998
 115      0.000
 110      0.000
 105      0.000
 100      0.000
  95      0.000
  90      0.000
  85      0.000
  80      0.000
  75      0.998
  70      0.000
  65      0.000
  60      0.000
  55      0.000
  50      0.000
  45      1.996
  40      2.994
  35      6.985
  30     17.963
  25     27.942
  20     66.861
  15    163.662
  10    972.966
   5   5666.186
   0  16528.249
  -5  24456.302
 -10      0.000
 -15      0.000
 -20      0.000
 -25      0.000
 -30      0.000
 -35      0.000
 -40      0.000
 -45      0.000
 -50      0.000
