 150      0.000
 145      0.000
 140      0.000
 135      0.000
 130      0.000
 125      0.000
 120      0.000
 115      0.000
 110      0.000
 105      0.000
 100      0.000
  95      0.000
  90      0.000
  85      0.000
  80      0.000
  75      0.000
  70      0.000
  65      0.000
  60      0.000
  55      0.998
  50      0.000
  45      0.000
  40      1.996
  35      2.994
  30     14.969
  25     20.957
  20     44.907
  15     89.815
  10    311.349
   5   2141.535
   0  10892.302
  -5  21234.980
 -10      0.000
 -15      0.000
 -20      0.000
 -25      0.000
 -30      0.000
 -35      0.000
 -40      0.000
 -45      0.000
 -50      0.000
