 150    307.362
 145    426.121
 140    538.882
 135    775.390
 130   1128.787
 125   1555.330
 120   2278.275
 115   3115.538
 110   4346.980
 105   6078.393
 100   7935.534
  95   9803.657
  90  12081.918
  85  13678.617
  80  15700.469
  75  16908.931
  70  17809.064
  65  18164.309
  60  18855.855
  55  19505.545
  50  19852.766
  45  20024.509
  40  21133.170
  35  21659.969
  30  22815.612
  25  23305.664
  20  24855.028
  15  26939.370
  10  30900.387
   5  37305.256
   0  50460.805
  -5  79695.791
 -10   3107.552
 -15      3.996
 -20      0.000
 -25      0.000
 -30      0.000
 -35      0.000
 -40      0.000
 -45      0.000
 -50      0.000
