 150     30.936
 145     49.897
 140     58.878
 135     43.909
 130     77.916
 125     87.906
 120     94.803
 115    129.731
 110    115.760
 105    156.675
 100    213.557
  95    298.381
  90    406.157
  85    630.691
  80   1129.658
  75   1839.184
  70   3240.280
  65   5170.272
  60   8082.221
  55  11436.281
  50  15340.139
  45  18330.982
  40  20618.258
  35  21770.782
  30  23136.945
  25  23510.240
  20  24292.520
  15  24820.745
  10  27432.638
   5  30285.854
   0  38056.090
  -5  60440.706
 -10   2967.842
 -15      1.998
 -20      0.000
 -25      0.000
 -30      0.000
 -35      0.000
 -40      0.000
 -45      0.000
 -50      0.000
