 150   6338.847
 145   7372.790
 140   8480.403
 135   9554.175
 130  10528.692
 125  11332.829
 120  12001.110
 115  12674.713
 110  13231.571
 105  13688.610
 100  14188.573
  95  14288.352
  90  15066.721
  85  15440.960
  80  15802.226
  75  16527.689
  70  17193.341
  65  17235.237
  60  18015.600
  55  18931.717
  50  19683.138
  45  19917.711
  40  21260.926
  35  22765.670
  30  24541.053
  25  26342.313
  20  28874.652
  15  32860.111
  10  39637.158
   5  49196.524
   0  65821.308
  -5  96602.839
 -10  18464.686
 -15    257.723
 -20      1.998
 -25      0.000
 -30      0.000
 -35      0.000
 -40      0.000
 -45      0.000
 -50      0.000
