 150   6094.354
 145   7353.829
 140   8838.660
 135  10332.560
 130  11973.129
 125  13081.950
 120  14216.515
 115  15157.563
 110  15635.572
 105  16129.547
 100  16952.823
  95  16997.747
  90  17400.876
  85  17407.879
  80  17875.925
  75  17810.062
  70  18702.212
  65  18319.986
  60  18982.592
  55  19284.984
  50  20022.413
  45  19960.642
  40  20810.838
  35  21647.017
  30  23169.876
  25  24573.011
  20  26907.736
  15  30621.766
  10  37063.574
   5  46055.021
   0  61244.163
  -5  90964.522
 -10  20208.068
 -15    256.724
 -20      7.992
 -25      0.999
 -30      0.000
 -35      0.000
 -40      0.000
 -45      0.000
 -50      0.000
