 150    303.371
 145    341.296
 140    414.141
 135    485.992
 130    624.329
 125    859.077
 120   1108.701
 115   1557.769
 110   2072.705
 105   2944.889
 100   3994.715
  95   5078.462
  90   6414.677
  85   7540.354
  80   9038.237
  75   9830.611
  70  11059.064
  65  11627.872
  60  12544.944
  55  13271.462
  50  14259.397
  45  14845.226
  40  16268.276
  35  17261.114
  30  19139.267
  25  20687.054
  20  23363.171
  15  26776.679
  10  32588.889
   5  41091.407
   0  57975.734
  -5 104828.795
 -10  16201.382
 -15     62.932
 -20      0.000
 -25      0.000
 -30      0.000
 -35      0.000
 -40      0.000
 -45      0.000
 -50      0.000
