 150    288.690
 145    353.620
 140    486.477
 135    671.280
 130    895.143
 125   1323.253
 120   1797.056
 115   2528.275
 110   3601.136
 105   4899.738
 100   6718.777
  95   8521.839
  90  10597.011
  85  12719.620
  80  14554.813
  75  16548.595
  70  17731.938
  65  18607.978
  60  19330.239
  55  20088.425
  50  20098.374
  45  20337.799
  40  21252.921
  35  21619.140
  30  21740.866
  25  22996.256
  20  24634.493
  15  26838.149
  10  31061.609
   5  38203.804
   0  52420.228
  -5  81268.449
 -10  22434.449
 -15    108.774
 -20      1.996
 -25      0.000
 -30      0.000
 -35      0.000
 -40      2.994
 -45      0.000
 -50      0.000
