 150  15884.940
 145  16172.614
 140  16491.272
 135  16644.141
 130  16754.235
 125  16978.752
 120  17125.470
 115  17585.043
 110  17695.031
 105  18067.595
 100  18146.474
  95  18734.841
  90  19003.587
  85  19096.394
  80  19647.271
  75  20435.515
  70  20424.044
  65  21210.178
  60  21709.662
  55  22819.469
  50  23223.988
  45  24814.510
  40  26703.617
  35  28627.598
  30  31070.498
  25  35211.148
  20  40601.354
  15  48690.706
  10  61089.329
   5  80575.966
   0 117081.174
  -5 186122.981
 -10  48449.516
 -15  16052.707
 -20    463.040
 -25     51.944
 -30      0.999
 -35      0.000
 -40      0.000
 -45      0.000
 -50      0.998
