 150      3.996
 145      0.000
 140      0.000
 135      0.999
 130      1.996
 125      2.994
 120      2.997
 115      7.991
 110     14.984
 105     17.981
 100     32.965
  95     32.965
  90     34.928
  85     58.878
  80     96.799
  75    118.753
  70    148.840
  65    224.758
  60    256.724
  55    424.544
  50    640.311
  45   1183.544
  40   2523.766
  35   6106.329
  30  13606.752
  25  27471.441
  20  46668.784
  15  64662.552
  10  75531.803
   5  83605.685
   0  95146.571
  -5 128943.571
 -10      4.990
 -15      0.000
 -20      0.000
 -25      0.000
 -30      0.000
 -35      0.000
 -40      0.000
 -45      0.000
 -50      0.000
