 150  19479.060
 145  19804.710
 140  20427.041
 135  20515.986
 130  20804.851
 125  21518.328
 120  21930.271
 115  22152.120
 110  22996.348
 105  23521.738
 100  23654.548
  95  24515.670
  90  24536.088
  85  25223.686
  80  26179.729
  75  26153.627
  70  27012.961
  65  27798.089
  60  28581.304
  55  29422.400
  50  29937.787
  45  31043.585
  40  33427.671
  35  35295.761
  30  37653.868
  25  41111.805
  20  45860.700
  15  52521.592
  10  61568.814
   5  74711.124
   0  96720.305
  -5 153357.936
 -10  40681.586
 -15  16872.007
 -20    605.743
 -25     72.922
 -30      0.000
 -35      0.000
 -40      2.994
 -45      0.000
 -50      0.000
