 150     18.980
 145     19.979
 140     26.971
 135     31.966
 130     44.907
 125     53.888
 120     52.943
 115     72.922
 110     67.927
 105     81.912
 100    100.891
  95    144.844
  90    169.648
  85    212.559
  80    352.269
  75    549.857
  70    919.012
  65   1612.267
  60   2790.001
  55   4729.915
  50   7673.743
  45  11145.872
  40  15321.208
  35  18961.655
  30  21531.301
  25  22998.231
  20  24467.697
  15  26246.811
  10  27535.372
   5  29910.995
   0  35541.287
  -5  50837.563
 -10   9123.070
 -15      0.998
 -20      0.000
 -25      0.000
 -30      0.000
 -35      0.000
 -40      0.000
 -45      0.000
 -50      0.000
