 150  19226.332
 145  19281.292
 140  19671.853
 135  19815.738
 130  20059.397
 125  20099.274
 120  20650.656
 115  21204.163
 110  21765.667
 105  22191.167
 100  22300.005
  95  23168.094
  90  23398.448
  85  23803.631
  80  24468.277
  75  24977.073
  70  25639.438
  65  26464.551
  60  26811.178
  55  27948.983
  50  28645.149
  45  29969.843
  40  31502.632
  35  33506.474
  30  36011.277
  25  39662.363
  20  44492.171
  15  51776.340
  10  62990.285
   5  81885.252
   0 117907.342
  -5 185015.278
 -10  28810.248
 -15   3398.947
 -20    187.611
 -25     19.979
 -30      0.000
 -35      0.000
 -40      0.000
 -45      1.996
 -50      0.000
