 150   3069.700
 145   4165.526
 140   5406.188
 135   6725.777
 130   8420.527
 125   9962.328
 120  11885.140
 115  13624.313
 110  15753.097
 105  17550.151
 100  18980.596
  95  20417.052
  90  20614.246
  85  21431.530
  80  22108.148
  75  22549.120
  70  22901.381
  65  23515.697
  60  23726.518
  55  24393.801
  50  24279.875
  45  24760.622
  40  25799.492
  35  26268.493
  30  27037.896
  25  28341.448
  20  31052.587
  15  34674.759
  10  40566.391
   5  50400.520
   0  68661.527
  -5 109943.976
 -10  27774.368
 -15    485.992
 -20      5.988
 -25      0.999
 -30      0.000
 -35      0.000
 -40      0.000
 -45      0.000
 -50      0.000
