 150  15631.212
 145  16107.684
 140  16937.792
 135  16963.798
 130  17304.094
 125  17615.430
 120  18094.422
 115  18707.833
 110  19183.435
 105  19864.665
 100  20395.055
  95  21121.274
  90  21785.816
  85  22305.738
  80  22975.372
  75  23947.214
  70  24998.127
  65  26297.704
  60  27545.389
  55  28633.219
  50  29980.711
  45  31730.160
  40  34884.649
  35  37710.750
  30  41319.221
  25  46116.425
  20  52602.452
  15  61111.366
  10  72711.835
   5  90880.605
   0 122322.304
  -5 189456.068
 -10  54721.508
 -15  17588.521
 -20   1061.798
 -25    173.813
 -30     11.987
 -35      2.997
 -40      2.994
 -45      0.000
 -50      0.000
