 150      0.999
 145      0.999
 140      4.995
 135      2.997
 130      4.990
 125      7.983
 120     10.988
 115     15.983
 110     17.981
 105     33.964
 100     44.952
  95     46.950
  90     71.851
  85     65.863
  80     89.814
  75     98.795
  70    135.854
  65    146.842
  60    192.793
  55    316.660
  50    478.485
  45    887.159
  40   1821.223
  35   3571.589
  30   6461.586
  25  10465.739
  20  14835.037
  15  17928.727
  10  20362.111
   5  23191.923
   0  27753.412
  -5  40195.634
 -10    425.118
 -15      0.000
 -20      0.000
 -25      0.000
 -30      0.000
 -35      0.000
 -40      0.000
 -45      0.000
 -50      0.000
