 150  14699.198
 145  14963.914
 140  15313.538
 135  15656.201
 130  15801.228
 125  16350.057
 120  16722.906
 115  16703.993
 110  17498.224
 105  17931.741
 100  18210.424
  95  19016.557
  90  19184.193
  85  19731.078
  80  20293.910
  75  20679.008
  70  21823.540
  65  22754.516
  60  23202.081
  55  24129.085
  50  25069.026
  45  26423.172
  40  28255.398
  35  30327.071
  30  33148.184
  25  36803.400
  20  42120.678
  15  49138.176
  10  57948.705
   5  71067.677
   0  92033.031
  -5 146225.728
 -10  24763.615
 -15   3317.120
 -20    124.741
 -25      7.991
 -30      0.000
 -35      0.000
 -40      0.000
 -45      0.000
 -50      0.000
