 150   8943.395
 145   9899.368
 140  10325.900
 135  10934.268
 130  11334.492
 125  11881.334
 120  12243.740
 115  12351.697
 110  13071.987
 105  13454.550
 100  14024.923
  95  14477.422
  90  15036.799
  85  15151.576
  80  15665.510
  75  16595.498
  70  17086.632
  65  18241.372
  60  18821.767
  55  19723.817
  50  20331.103
  45  21715.961
  40  23262.730
  35  25080.957
  30  27560.784
  25  30963.714
  20  36013.286
  15  42303.566
  10  53009.015
   5  70725.386
   0 111945.824
  -5 256670.665
 -10  19026.539
 -15    338.298
 -20     15.967
 -25      2.997
 -30      0.000
 -35      0.000
 -40      0.000
 -45      0.000
 -50      0.000
