 150  13983.967
 145  14100.842
 140  14662.238
 135  15214.675
 130  15391.079
 125  15777.246
 120  16263.403
 115  16670.030
 110  17553.183
 105  17982.687
 100  18538.053
  95  19140.443
  90  19494.549
  85  20023.471
  80  20745.994
  75  21281.755
  70  22171.166
  65  23013.238
  60  23852.383
  55  24651.524
  50  25414.654
  45  27083.801
  40  28731.411
  35  30699.299
  30  32968.590
  25  36608.646
  20  41062.857
  15  47760.705
  10  56648.103
   5  70071.741
   0  95319.213
  -5 149127.709
 -10  32845.845
 -15   2982.814
 -20    104.783
 -25      6.992
 -30      0.000
 -35      0.000
 -40      0.000
 -45      0.000
 -50      0.000
