 150  17353.345
 145  17646.031
 140  18269.360
 135  18526.121
 130  18826.953
 125  19484.550
 120  20121.229
 115  20035.402
 110  20941.551
 105  21336.085
 100  21859.479
  95  22177.182
  90  22861.562
  85  23574.107
  80  23773.717
  75  24667.716
  70  25218.890
  65  25722.323
  60  26675.351
  55  27587.371
  50  27911.967
  45  29114.587
  40  30838.042
  35  32310.955
  30  34810.768
  25  37901.256
  20  42486.327
  15  48632.768
  10  56851.884
   5  69257.429
   0  89607.065
  -5 140791.997
 -10  26996.981
 -15   2619.567
 -20    161.665
 -25     11.987
 -30      0.000
 -35      0.999
 -40      0.000
 -45      0.000
 -50      0.000
