 150  14749.145
 145  15650.176
 140  16469.296
 135  17150.597
 130  17415.879
 125  17880.879
 120  18077.440
 115  18102.486
 110  18829.814
 105  18848.756
 100  18982.575
  95  19505.052
  90  19525.485
  85  19522.510
  80  19674.215
  75  20279.838
  70  20558.899
  65  20999.405
  60  21374.044
  55  21588.814
  50  22356.944
  45  22800.689
  40  24256.692
  35  25704.663
  30  27522.890
  25  29999.750
  20  34366.056
  15  40354.659
  10  48421.946
   5  61964.547
   0  83519.697
  -5 133353.425
 -10  22834.618
 -15    817.305
 -20     49.896
 -25      2.997
 -30      0.000
 -35      2.997
 -40      0.000
 -45      0.000
 -50      0.000
