 150  16365.424
 145  16802.937
 140  17182.529
 135  17281.457
 130  17527.630
 125  17951.732
 120  18217.289
 115  18642.903
 110  18832.811
 105  19503.054
 100  19875.614
  95  20722.702
  90  20911.629
  85  21526.354
  80  22115.155
  75  22588.039
  70  23121.145
  65  24305.847
  60  24618.535
  55  25704.368
  50  26218.762
  45  27330.290
  40  29309.213
  35  31257.141
  30  33426.606
  25  36761.481
  20  41423.470
  15  48192.242
  10  58653.947
   5  77428.491
   0 111199.373
  -5 170073.268
 -10  39622.822
 -15   7659.115
 -20    231.520
 -25     13.985
 -30      2.997
 -35      1.998
 -40      0.000
 -45      0.000
 -50      0.000
