 150     63.931
 145     51.944
 140     63.931
 135     70.924
 130     94.803
 125    104.783
 120    102.889
 115    148.840
 110    184.802
 105    263.717
 100    375.596
  95    570.387
  90    954.021
  85   1436.020
  80   2428.962
  75   4158.355
  70   6205.329
  65   9350.938
  60  12393.689
  55  15854.972
  50  18266.345
  45  20366.739
  40  21655.087
  35  22229.873
  30  22167.979
  25  22620.660
  20  23510.702
  15  24818.345
  10  26784.207
   5  30712.333
   0  40285.408
  -5  65809.511
 -10    228.526
 -15      0.000
 -20      0.000
 -25      0.000
 -30      0.000
 -35      0.000
 -40      0.000
 -45      0.000
 -50      0.000
