 150  16723.039
 145  17058.662
 140  17159.553
 135  17127.622
 130  17300.102
 125  17167.361
 120  17630.923
 115  17755.859
 110  18157.535
 105  18252.397
 100  18695.883
  95  18987.569
  90  18916.767
  85  19465.628
  80  19555.462
  75  20299.797
  70  20653.797
  65  21244.141
  60  21793.572
  55  22375.946
  50  23104.117
  45  24336.502
  40  26355.339
  35  28201.482
  30  30681.306
  25  34528.881
  20  40023.974
  15  48061.382
  10  59649.876
   5  79083.061
   0 116189.024
  -5 183895.601
 -10  31937.761
 -15   8855.633
 -20    292.394
 -25     18.980
 -30      0.000
 -35      0.000
 -40      0.000
 -45      0.000
 -50      0.000
