 150    598.357
 145    829.110
 140   1173.738
 135   1657.220
 130   2173.492
 125   3025.722
 120   4125.540
 115   5420.168
 110   6887.616
 105   8900.432
 100  10677.511
  95  12822.229
  90  14630.641
  85  16094.620
  80  17312.095
  75  18671.183
  70  19423.120
  65  20133.357
  60  20644.807
  55  21805.559
  50  22038.287
  45  23091.086
  40  23945.313
  35  24775.591
  30  25690.666
  25  26527.430
  20  28596.259
  15  31013.691
  10  33839.589
   5  39139.863
   0  50344.585
  -5  84577.586
 -10  17801.063
 -15     60.874
 -20      0.000
 -25      0.000
 -30      0.000
 -35      0.000
 -40      0.000
 -45      0.000
 -50      0.000
