 150  17878.780
 145  18140.499
 140  18032.615
 135  18394.263
 130  18559.508
 125  18497.599
 120  19058.379
 115  19038.477
 110  19647.937
 105  19730.809
 100  20226.237
  95  20784.677
  90  20811.815
  85  21152.130
  80  21621.179
  75  22225.793
  70  22861.424
  65  23891.293
  60  24675.499
  55  26226.832
  50  27041.903
  45  28748.347
  40  31442.788
  35  34080.283
  30  37588.005
  25  42294.533
  20  47978.423
  15  55596.290
  10  65700.372
   5  79638.909
   0 104957.214
  -5 173267.643
 -10  42889.005
 -15  22212.930
 -20   1693.486
 -25    219.764
 -30     38.958
 -35      5.994
 -40      0.000
 -45      0.998
 -50      0.000
