 150  16792.964
 145  17187.523
 140  17737.932
 135  17946.743
 130  18675.249
 125  18991.573
 120  19528.870
 115  20192.233
 110  20860.637
 105  21413.002
 100  21647.707
  95  22761.509
  90  23381.507
  85  24203.801
  80  24653.892
  75  25633.708
  70  26483.530
  65  27684.212
  60  28515.346
  55  30007.742
  50  31143.458
  45  32734.077
  40  35082.239
  35  37385.425
  30  40820.257
  25  45026.596
  20  50327.898
  15  58341.341
  10  68014.884
   5  82231.534
   0 106761.576
  -5 156966.452
 -10  42044.799
 -15  14146.660
 -20    554.849
 -25     65.929
 -30      5.994
 -35      0.000
 -40      0.000
 -45      0.000
 -50      0.000
