 150  14889.993
 145  15233.639
 140  15671.154
 135  15991.841
 130  16156.491
 125  16295.171
 120  16886.729
 115  17001.689
 110  17995.709
 105  18197.456
 100  18470.126
  95  19342.207
  90  19887.733
  85  20196.113
  80  20604.287
  75  21724.834
  70  22309.018
  65  23273.980
  60  23739.480
  55  25066.079
  50  25923.081
  45  27842.255
  40  29711.349
  35  31930.744
  30  34868.648
  25  38961.117
  20  44305.372
  15  52510.551
  10  63311.940
   5  79773.629
   0 111696.230
  -5 179704.293
 -10  23756.729
 -15   3487.763
 -20    163.660
 -25      8.990
 -30      0.999
 -35      1.998
 -40      0.000
 -45      0.000
 -50      0.000
