 150      0.999
 145      0.000
 140      0.000
 135      0.000
 130      0.998
 125      0.000
 120      2.997
 115      4.995
 110      3.996
 105      8.990
 100      8.990
  95     11.987
  90     14.969
  85     15.967
  80     23.950
  75     31.934
  70     53.942
  65     43.953
  60     74.920
  55    125.865
  50    214.769
  45    415.139
  40    894.146
  35   2095.652
  30   4453.754
  25   8564.784
  20  13667.294
  15  18196.457
  10  20691.756
   5  22896.535
   0  27639.648
  -5  43687.392
 -10      0.000
 -15      0.000
 -20      0.000
 -25      0.000
 -30      0.000
 -35      0.000
 -40      0.000
 -45      0.000
 -50      0.000
