 150  15245.611
 145  16168.619
 140  16505.257
 135  17220.522
 130  17506.691
 125  17934.767
 120  18039.481
 115  18506.050
 110  19301.309
 105  19107.479
 100  19164.379
  95  19932.592
  90  20113.265
  85  20470.544
  80  20794.892
  75  21229.863
  70  21994.356
  65  22263.045
  60  22547.784
  55  23217.065
  50  23234.000
  45  23790.634
  40  25329.467
  35  26440.137
  30  27458.025
  25  29411.383
  20  32131.459
  15  36682.603
  10  43726.993
   5  53759.556
   0  72043.510
  -5 110148.552
 -10  25331.437
 -15   1011.901
 -20     45.905
 -25      0.000
 -30      0.000
 -35      0.000
 -40      1.996
 -45      0.000
 -50      0.000
