 150      0.000
 145      0.000
 140      0.999
 135      0.000
 130      0.000
 125      0.000
 120      0.999
 115      0.000
 110      0.000
 105      0.999
 100      0.999
  95      0.000
  90      1.996
  85      3.992
  80      0.000
  75      2.994
  70     11.987
  65     10.988
  60     21.976
  55     30.967
  50     48.947
  45     62.870
  40     99.793
  35    189.607
  30    414.140
  25   1191.718
  20   3504.229
  15   8156.232
  10  14388.532
   5  19343.900
   0  23766.684
  -5  30500.741
 -10     24.948
 -15      0.000
 -20      0.000
 -25      0.000
 -30      0.000
 -35      0.000
 -40      0.000
 -45      0.000
 -50      0.000
