 150      7.991
 145      8.990
 140     12.986
 135      9.989
 130     13.971
 125     29.938
 120     35.961
 115     42.954
 110     52.943
 105     54.941
 100     83.910
  95     94.898
  90     98.795
  85    134.720
  80    189.607
  75    270.438
  70    467.497
  65    817.121
  60   1474.416
  55   2829.961
  50   4828.804
  45   7499.439
  40  11325.511
  35  14574.757
  30  17964.705
  25  19886.602
  20  21573.787
  15  23191.093
  10  25242.864
   5  27888.188
   0  34698.002
  -5  55588.709
 -10    102.787
 -15      0.000
 -20      0.000
 -25      0.000
 -30      0.000
 -35      0.000
 -40      0.000
 -45      0.000
 -50      0.000
