 150  17580.119
 145  17201.508
 140  17918.737
 135  18014.670
 130  18125.390
 125  18382.837
 120  18623.849
 115  18918.606
 110  19506.089
 105  19704.837
 100  20158.310
  95  20444.002
  90  20734.996
  85  21258.909
  80  21752.906
  75  22189.867
  70  22739.555
  65  23572.636
  60  24606.548
  55  25779.287
  50  26475.486
  45  28313.250
  40  30629.474
  35  33261.981
  30  36299.642
  25  41293.609
  20  47422.021
  15  55285.623
  10  67399.545
   5  85721.300
   0 119761.614
  -5 209506.484
 -10  25456.204
 -15   4606.446
 -20    307.363
 -25     26.971
 -30      1.998
 -35      0.000
 -40      0.000
 -45      0.000
 -50      0.000
