 150  14211.722
 145  15265.589
 140  15911.895
 135  16475.322
 130  16562.649
 125  17105.489
 120  17436.134
 115  17622.003
 110  17993.711
 105  18302.343
 100  18593.993
  95  18966.630
  90  19407.729
  85  19667.210
  80  20213.098
  75  20587.199
  70  21127.288
  65  21718.631
  60  21935.441
  55  22955.346
  50  23456.761
  45  24093.007
  40  25665.769
  35  26993.987
  30  28979.867
  25  31957.646
  20  36236.046
  15  42950.871
  10  51911.195
   5  66141.888
   0  92461.143
  -5 156349.731
 -10  25167.777
 -15   1183.545
 -20     47.901
 -25      1.998
 -30      3.996
 -35      0.000
 -40      0.000
 -45      0.000
 -50      0.000
