 150      0.000
 145      0.000
 140      0.000
 135      0.000
 130      0.000
 125      0.998
 120      0.000
 115      0.000
 110      0.000
 105      0.000
 100      0.000
  95      0.999
  90      1.996
  85      0.000
  80      0.998
  75      3.992
  70      2.997
  65      2.997
  60     10.988
  55     17.981
  50     30.967
  45     32.932
  40     53.888
  35     84.824
  30    165.656
  25    488.474
  20   1664.209
  15   4814.829
  10  11075.094
   5  17700.307
   0  22510.291
  -5  29835.122
 -10      0.000
 -15      0.000
 -20      0.000
 -25      0.000
 -30      0.000
 -35      0.000
 -40      0.000
 -45      0.000
 -50      0.000
