 150      8.990
 145     22.975
 140     20.977
 135     18.980
 130     18.961
 125     20.957
 120     34.962
 115     39.957
 110     53.942
 105     65.929
 100     78.915
  95     76.917
  90    120.750
  85    129.731
  80    216.551
  75    319.336
  70    586.370
  65    964.962
  60   1651.227
  55   2998.779
  50   4728.912
  45   7136.192
  40  10022.214
  35  12680.688
  30  14691.500
  25  16167.604
  20  17544.123
  15  18996.598
  10  20930.500
   5  24387.445
   0  32930.669
  -5  60586.344
 -10    478.008
 -15      1.996
 -20      0.000
 -25      0.000
 -30      0.000
 -35      0.000
 -40      0.000
 -45      0.000
 -50      0.000
