 150    132.857
 145    160.827
 140    158.829
 135    190.795
 130    231.520
 125    305.366
 120    369.600
 115    430.536
 110    629.325
 105    879.056
 100   1331.569
  95   1949.904
  90   2813.165
  85   4261.158
  80   6076.398
  75   8456.419
  70  10785.406
  65  13720.237
  60  15887.936
  55  17863.814
  50  18932.628
  45  20205.074
  40  21344.731
  35  22438.440
  30  23240.752
  25  24427.716
  20  26554.427
  15  29162.679
  10  33324.177
   5  41261.465
   0  57951.750
  -5 106210.719
 -10   1299.304
 -15      9.979
 -20      0.000
 -25      0.000
 -30      0.000
 -35      0.000
 -40      0.000
 -45      0.000
 -50      0.000
