 150    250.730
 145    308.668
 140    413.555
 135    550.409
 130    725.495
 125   1076.766
 120   1506.370
 115   2128.705
 110   3095.678
 105   4376.300
 100   6103.439
  95   8177.209
  90  10270.699
  85  12678.692
  80  15472.909
  75  17742.114
  70  19609.919
  65  21055.344
  60  22190.168
  55  23066.227
  50  23225.010
  45  23650.924
  40  24108.000
  35  25121.872
  30  25767.532
  25  26714.202
  20  28115.747
  15  31313.369
  10  35760.557
   5  46605.387
   0  80263.453
  -5 160905.282
 -10   1634.608
 -15      3.992
 -20      0.000
 -25      0.000
 -30      0.000
 -35      0.000
 -40      0.000
 -45      0.000
 -50      0.000
