 150  17969.683
 145  18322.304
 140  18769.822
 135  19502.074
 130  19902.722
 125  20313.828
 120  21413.830
 115  21481.843
 110  22645.724
 105  23433.832
 100  23446.771
  95  24612.566
  90  25233.640
  85  25772.548
  80  27048.928
  75  28390.975
  70  29398.397
  65  30906.744
  60  31942.694
  55  34093.384
  50  35203.121
  45  37434.324
  40  40664.661
  35  44103.485
  30  48324.726
  25  53561.421
  20  60636.815
  15  69870.959
  10  81969.882
   5 101145.326
   0 132324.427
  -5 207283.095
 -10  47409.625
 -15  17936.799
 -20   1439.014
 -25    226.756
 -30     44.952
 -35      2.997
 -40      0.998
 -45      0.000
 -50      0.000
