 150   7906.508
 145   9162.160
 140  10412.806
 135  11485.676
 130  12418.245
 125  13699.560
 120  14480.318
 115  14835.023
 110  15835.025
 105  16148.656
 100  16633.119
  95  17231.459
  90  17558.566
  85  17687.317
  80  18164.327
  75  18804.905
  70  19060.510
  65  19862.628
  60  20305.172
  55  20831.627
  50  21279.082
  45  22162.036
  40  23498.241
  35  24499.164
  30  26095.825
  25  28356.517
  20  32377.195
  15  37541.680
  10  45246.360
   5  57689.410
   0  81662.632
  -5 141221.107
 -10  14850.201
 -15    139.710
 -20      2.994
 -25      0.000
 -30      0.000
 -35      0.000
 -40      0.000
 -45      0.000
 -50      0.000
