 150  16955.773
 145  17249.457
 140  17935.719
 135  18244.424
 130  18231.189
 125  18423.752
 120  18841.613
 115  19289.206
 110  19244.351
 105  19972.549
 100  20021.477
  95  20743.701
  90  21127.161
  85  21230.967
  80  21802.781
  75  21999.264
  70  22807.482
  65  23118.125
  60  23393.875
  55  24306.894
  50  24727.393
  45  25771.524
  40  27020.959
  35  28358.157
  30  30498.685
  25  33008.483
  20  36768.437
  15  42801.988
  10  50982.194
   5  63229.924
   0  85927.700
  -5 147096.921
 -10  24503.156
 -15   1242.423
 -20     72.849
 -25      7.991
 -30      0.000
 -35      0.000
 -40      0.000
 -45      0.000
 -50      0.000
