 150    706.241
 145    900.033
 140   1304.598
 135   1724.148
 130   2448.918
 125   3227.303
 120   4382.258
 115   6048.480
 110   7802.628
 105  10113.138
 100  12100.991
  95  14571.336
  90  16721.320
  85  18571.464
  80  20156.196
  75  21560.176
  70  22596.709
  65  22996.256
  60  23458.805
  55  23754.488
  50  23679.521
  45  23904.398
  40  25075.992
  35  25395.305
  30  25946.162
  25  27242.632
  20  28929.871
  15  32170.449
  10  37693.480
   5  47149.260
   0  65286.530
  -5 102721.955
 -10  19462.615
 -15    107.776
 -20      0.000
 -25      0.000
 -30      0.000
 -35      0.000
 -40      0.000
 -45      0.000
 -50      0.000
