 150      0.000
 145      0.000
 140      0.000
 135      0.000
 130      0.000
 125      0.000
 120      0.000
 115      0.999
 110      0.999
 105      0.000
 100      0.999
  95      2.997
  90      1.996
  85      1.996
  80      6.986
  75      8.981
  70     10.988
  65     18.980
  60     34.962
  55     37.959
  50     54.941
  45     88.816
  40    145.698
  35    189.607
  30    447.072
  25   1254.650
  20   3419.321
  15   7976.433
  10  13829.134
   5  18999.614
   0  23520.196
  -5  33762.976
 -10      0.998
 -15      0.000
 -20      0.000
 -25      0.000
 -30      0.000
 -35      0.000
 -40      0.000
 -45      0.000
 -50      0.000
