 150   9614.664
 145  10959.219
 140  12382.689
 135  13730.267
 130  14960.971
 125  15776.249
 120  16275.390
 115  17079.588
 110  17559.159
 105  18091.570
 100  18401.219
  95  19073.496
  90  19108.350
  85  19461.637
  80  19840.850
  75  20277.842
  70  20785.655
  65  21202.186
  60  21591.810
  55  22364.980
  50  22668.609
  45  23452.336
  40  25137.864
  35  26000.050
  30  27985.901
  25  30291.406
  20  33875.550
  15  39227.830
  10  47908.498
   5  59349.968
   0  77622.932
  -5 113952.662
 -10  22626.051
 -15    465.036
 -20     15.967
 -25      0.000
 -30      0.999
 -35      0.000
 -40      0.000
 -45      0.000
 -50      0.000
