 150    629.323
 145    865.071
 140   1232.675
 135   1592.290
 130   2318.192
 125   3170.421
 120   4294.358
 115   5903.648
 110   7415.051
 105   9751.517
 100  11801.302
  95  14233.713
  90  16133.523
  85  17989.689
  80  19137.309
  75  20244.911
  70  21020.403
  65  21560.822
  60  21911.445
  55  22916.365
  50  22801.466
  45  23484.270
  40  23996.208
  35  24806.526
  30  25209.665
  25  26617.333
  20  28122.768
  15  30151.617
  10  33653.789
   5  39115.913
   0  49241.872
  -5  69115.654
 -10  24039.119
 -15    127.735
 -20      0.000
 -25      0.000
 -30      0.000
 -35      0.000
 -40      0.000
 -45      0.000
 -50      0.000
