 150    167.820
 145    192.793
 140    230.752
 135    261.719
 130    310.356
 125    439.089
 120    575.377
 115    768.172
 110   1093.826
 105   1731.141
 100   2500.312
  95   3543.191
  90   5086.451
  85   6681.137
  80   9207.903
  75  11778.512
  70  14251.679
  65  16496.250
  60  18183.471
  55  19822.710
  50  20436.011
  45  21118.180
  40  22115.133
  35  22870.544
  30  23705.810
  25  24901.157
  20  26586.393
  15  29312.518
  10  33078.441
   5  41100.798
   0  57067.585
  -5 100006.586
 -10   2474.865
 -15     10.977
 -20      0.000
 -25      0.000
 -30      0.000
 -35      0.000
 -40      0.000
 -45      0.000
 -50      0.000
