 150  19412.132
 145  19989.511
 140  20460.005
 135  20933.538
 130  21404.607
 125  21435.500
 120  21641.584
 115  21791.509
 110  22791.567
 105  22694.626
 100  23115.128
  95  23704.541
  90  23773.670
  85  24077.064
  80  24526.157
  75  24706.635
  70  25446.645
  65  25588.467
  60  26428.616
  55  27091.903
  50  27151.785
  45  28238.405
  40  29673.457
  35  31096.475
  30  32898.735
  25  35905.402
  20  39537.497
  15  45335.310
  10  53748.221
   5  65923.341
   0  87336.776
  -5 138009.768
 -10  34215.004
 -15   4277.129
 -20    170.646
 -25     12.986
 -30      0.000
 -35      1.998
 -40      2.994
 -45      0.000
 -50      0.000
