 150     33.963
 145     43.953
 140     56.939
 135     55.940
 130     66.861
 125     91.809
 120     84.908
 115    100.891
 110    154.834
 105    163.824
 100    218.765
  95    339.635
  90    487.988
  85    752.439
  80   1296.311
  75   2066.703
  70   3411.333
  65   5537.042
  60   8118.281
  55  11226.942
  50  14379.528
  45  16693.361
  40  19124.336
  35  20223.037
  30  21265.873
  25  22099.177
  20  23566.642
  15  25177.959
  10  27318.632
   5  30883.978
   0  40058.878
  -5  64129.994
 -10    611.731
 -15      0.998
 -20      0.000
 -25      0.000
 -30      0.000
 -35      0.000
 -40      0.000
 -45      0.000
 -50      0.000
