 150  18866.718
 145  18618.004
 140  19079.490
 135  19325.264
 130  19563.425
 125  19831.829
 120  20106.245
 115  20271.168
 110  20734.772
 105  21057.384
 100  21666.687
  95  22309.018
  90  22570.167
  85  23056.181
  80  23971.307
  75  24434.201
  70  24884.249
  65  26022.026
  60  27156.806
  55  28271.636
  50  29179.574
  45  30916.878
  40  33938.577
  35  36544.171
  30  40196.592
  25  45122.493
  20  51647.479
  15  60250.231
  10  72062.533
   5  88243.072
   0 119173.715
  -5 205931.897
 -10  28922.016
 -15   8576.204
 -20    415.139
 -25     42.954
 -30      2.997
 -35      1.998
 -40      0.000
 -45      0.000
 -50      0.000
