 150  18536.074
 145  18895.687
 140  19478.061
 135  19670.893
 130  20065.384
 125  20391.667
 120  20579.733
 115  21046.312
 110  21491.939
 105  22091.274
 100  22424.893
  95  23090.178
  90  23437.367
  85  23709.826
  80  24434.323
  75  24608.838
  70  25563.519
  65  25915.115
  60  26886.124
  55  27334.643
  50  28175.683
  45  29370.057
  40  31062.576
  35  32106.379
  30  34387.611
  25  37675.461
  20  42253.535
  15  47856.554
  10  56013.785
   5  68303.407
   0  90036.175
  -5 136785.307
 -10  46541.427
 -15  12271.549
 -20    359.255
 -25     19.979
 -30      0.999
 -35      0.000
 -40      0.000
 -45      0.998
 -50      0.000
