 150  16065.729
 145  16385.402
 140  16862.872
 135  17283.455
 130  17355.006
 125  17624.412
 120  18527.953
 115  18635.929
 110  19260.353
 105  19373.193
 100  20079.395
  95  20683.765
  90  20919.592
  85  21785.816
  80  22272.828
  75  23280.600
  70  24163.025
  65  25358.739
  60  26210.823
  55  27572.387
  50  28508.297
  45  30551.636
  40  33289.923
  35  36177.931
  30  39584.861
  25  44633.020
  20  50872.312
  15  59061.509
  10  69535.250
   5  83874.129
   0 109359.080
  -5 171458.395
 -10  44397.919
 -15  19053.464
 -20   1632.612
 -25    270.709
 -30     36.960
 -35      5.994
 -40      1.996
 -45      0.000
 -50      1.996
