 150   9639.637
 145  10915.277
 140  12397.673
 135  13594.413
 130  14611.695
 125  15718.369
 120  16424.229
 115  16775.932
 110  17774.945
 105  18184.470
 100  18470.126
  95  19523.013
  90  19144.276
  85  19691.161
  80  20265.989
  75  20621.129
  70  21252.154
  65  21695.677
  60  22115.226
  55  22743.573
  50  22764.483
  45  23417.432
  40  25139.835
  35  25757.553
  30  27398.149
  25  28956.871
  20  31834.778
  15  36683.565
  10  42753.040
   5  53202.711
   0  70577.552
  -5 107003.076
 -10  23274.728
 -15    503.954
 -20     21.954
 -25      0.000
 -30      0.000
 -35      0.000
 -40      0.000
 -45      0.000
 -50      0.000
