 150  16284.510
 145  16804.951
 140  16846.890
 135  17340.394
 130  17581.536
 125  18025.579
 120  18379.095
 115  18608.958
 110  19222.394
 105  19880.648
 100  20074.420
  95  20660.769
  90  21213.981
  85  21743.903
  80  21901.576
  75  22710.784
  70  23226.032
  65  24264.891
  60  24849.287
  55  26300.753
  50  26794.143
  45  28428.040
  40  30390.939
  35  32650.251
  30  35902.466
  25  40089.903
  20  45644.932
  15  53650.379
  10  66373.648
   5  85241.295
   0 118700.815
  -5 183573.269
 -10  33590.334
 -15   1166.581
 -20     41.913
 -25      0.999
 -30      0.000
 -35      0.000
 -40      0.000
 -45      0.000
 -50      0.000
