 150  18008.641
 145  18464.169
 140  18861.724
 135  19548.025
 130  19634.279
 125  20006.467
 120  20370.959
 115  20859.534
 110  20432.097
 105  20493.989
 100  20565.871
  95  20926.504
  90  20817.803
  85  21118.201
  80  21608.206
  75  21634.023
  70  21979.372
  65  22377.944
  60  22301.026
  55  22857.451
  50  22787.458
  45  22928.446
  40  23422.399
  35  24085.024
  30  24056.084
  25  24567.590
  20  25243.863
  15  25748.321
  10  26537.472
   5  27864.237
   0  29998.753
  -5  34374.707
 -10  22364.616
 -15   2144.550
 -20    211.561
 -25     39.957
 -30     13.985
 -35      6.992
 -40      6.986
 -45      4.990
 -50      6.985
