 150  17091.644
 145  17638.057
 140  17585.096
 135  18079.601
 130  18279.089
 125  18699.181
 120  19080.336
 115  19307.206
 110  19859.710
 105  20537.942
 100  20680.768
  95  21230.156
  90  21783.799
  85  22283.783
  80  22418.504
  75  23250.662
  70  23752.466
  65  24795.320
  60  25354.744
  55  26834.180
  50  27393.497
  45  29019.813
  40  30987.701
  35  33221.066
  30  36473.281
  25  40539.420
  20  45994.556
  15  53845.170
  10  66136.903
   5  84274.299
   0 115997.421
  -5 176103.761
 -10  39774.508
 -15  14268.407
 -20    467.031
 -25     41.955
 -30      1.998
 -35      0.000
 -40      0.000
 -45      0.000
 -50      0.000
