 150      0.000
 145      0.999
 140      0.000
 135      0.000
 130      0.998
 125      5.988
 120      2.997
 115      0.999
 110      4.995
 105      4.995
 100     10.988
  95     14.984
  90     18.961
  85     24.948
  80     20.957
  75     42.911
  70     49.946
  65     73.920
  60     87.906
  55    149.839
  50    252.728
  45    510.940
  40   1157.599
  35   2572.662
  30   4935.753
  25   8828.501
  20  13587.380
  15  17673.019
  10  20026.472
   5  22199.979
   0  26259.512
  -5  42374.116
 -10     12.973
 -15      0.000
 -20      0.000
 -25      0.000
 -30      0.000
 -35      0.000
 -40      0.000
 -45      0.000
 -50      0.000
