 150     52.943
 145     46.950
 140     53.942
 135     68.926
 130     75.843
 125     99.793
 120    125.864
 115    140.848
 110    166.821
 105    234.748
 100    283.695
  95    453.513
  90    657.635
  85   1049.823
  80   1687.500
  75   2703.380
  70   4192.493
  65   6314.212
  60   8857.478
  55  12202.882
  50  14946.917
  45  17636.404
  40  20562.333
  35  21808.747
  30  22696.881
  25  23889.271
  20  25262.842
  15  26861.151
  10  28451.386
   5  32217.214
   0  40975.018
  -5  64777.651
 -10  21585.211
 -15     13.971
 -20      0.000
 -25      0.000
 -30      0.000
 -35      0.000
 -40      0.000
 -45      0.000
 -50      0.000
