 150     68.926
 145     64.930
 140     97.895
 135    113.878
 130    128.733
 125    146.696
 120    153.834
 115    225.757
 110    291.687
 105    435.532
 100    580.376
  95    869.067
  90   1422.049
  85   2215.405
  80   3615.501
  75   5382.809
  70   7939.465
  65  11335.814
  60  14661.239
  55  17660.015
  50  20039.438
  45  21803.757
  40  22977.322
  35  23544.146
  30  23941.298
  25  24751.343
  20  25420.673
  15  26876.135
  10  28407.434
   5  31437.829
   0  37965.260
  -5  54899.139
 -10   7049.373
 -15      3.992
 -20      0.000
 -25      0.000
 -30      0.000
 -35      0.000
 -40      0.000
 -45      0.000
 -50      0.000
