 150  13069.950
 145  13850.111
 140  14405.514
 135  15149.744
 130  15419.021
 125  15941.905
 120  16265.401
 115  16480.234
 110  17162.585
 105  17814.867
 100  18251.380
  95  18696.901
  90  19110.346
  85  19590.370
  80  20186.134
  75  21251.817
  70  21679.694
  65  22772.497
  60  23557.699
  55  24657.518
  50  25694.353
  45  26402.215
  40  28528.831
  35  30332.061
  30  32738.036
  25  36627.589
  20  41426.425
  15  48972.355
  10  58906.675
   5  74476.610
   0 102633.036
  -5 159500.197
 -10  24217.748
 -15    912.108
 -20     50.894
 -25      1.998
 -30      0.000
 -35      0.000
 -40      0.000
 -45      0.000
 -50      0.000
