 150   1352.546
 145   1766.103
 140   2427.391
 135   3300.455
 130   4309.063
 125   5565.452
 120   7314.093
 115   8868.458
 110  10897.318
 105  13365.632
 100  15123.727
  95  17162.567
  90  18216.201
  85  19362.841
  80  20209.086
  75  20921.504
  70  21321.080
  65  21834.528
  60  22159.179
  55  22420.898
  50  22318.985
  45  22834.618
  40  23405.434
  35  23566.100
  30  24177.807
  25  24954.124
  20  25962.091
  15  28230.680
  10  31072.566
   5  36124.115
   0  45594.437
  -5  65216.740
 -10  21315.770
 -15    121.747
 -20      0.998
 -25      0.000
 -30      0.000
 -35      0.000
 -40      0.000
 -45      0.000
 -50      0.000
