 150      3.996
 145      5.994
 140      4.995
 135     11.987
 130      8.981
 125     12.973
 120     15.983
 115     22.975
 110     30.967
 105     29.968
 100     51.944
  95     50.945
  90     63.868
  85     74.845
  80     97.797
  75    133.722
  70    163.824
  65    278.700
  60    464.501
  55    890.044
  50   1642.233
  45   3356.036
  40   6069.412
  35  10238.755
  30  14828.231
  25  18862.666
  20  21187.203
  15  23323.950
  10  25277.826
   5  27977.004
   0  34098.246
  -5  53646.737
 -10    150.687
 -15      0.000
 -20      0.000
 -25      0.000
 -30      0.000
 -35      0.000
 -40      0.000
 -45      0.000
 -50      0.000
