 150  18291.337
 145  18214.419
 140  18488.125
 135  19092.514
 130  19013.566
 125  19433.656
 120  19580.814
 115  19760.698
 110  20406.125
 105  20877.577
 100  20960.447
  95  21325.097
  90  21936.482
  85  22410.521
  80  22836.660
  75  23173.822
  70  24026.172
  65  25036.061
  60  25693.405
  55  26740.281
  50  27618.283
  45  29097.622
  40  31418.837
  35  33390.714
  30  36318.639
  25  41197.712
  20  46302.225
  15  54211.777
  10  64106.086
   5  77848.620
   0  99069.431
  -5 153202.259
 -10  36228.825
 -15  13179.665
 -20    435.097
 -25     46.950
 -30      3.996
 -35      1.998
 -40      0.000
 -45      0.000
 -50      0.000
