 150  16453.313
 145  17060.677
 140  17480.209
 135  18294.370
 130  18336.969
 125  18560.468
 120  18818.638
 115  19133.393
 110  19383.221
 105  19206.372
 100  19119.427
  95  19620.908
  90  19701.120
  85  19919.687
  80  20317.881
  75  20683.998
  70  20990.435
  65  21473.916
  60  21711.660
  55  22259.094
  50  23104.117
  45  23634.981
  40  25337.425
  35  26667.665
  30  29019.784
  25  32451.115
  20  36772.470
  15  43497.240
  10  54501.411
   5  71483.814
   0 105365.367
  -5 175387.247
 -10  28620.641
 -15   2423.970
 -20     83.826
 -25      4.995
 -30      0.000
 -35      0.000
 -40      0.000
 -45      0.000
 -50      0.000
