 150  19787.728
 145  19908.598
 140  20404.066
 135  20282.237
 130  20500.482
 125  20735.952
 120  20792.503
 115  21405.924
 110  21501.928
 105  22264.088
 100  22335.989
  95  22687.611
  90  22993.289
  85  23268.741
  80  23503.254
  75  24252.579
  70  24794.346
  65  25673.375
  60  26176.886
  55  27305.674
  50  28018.852
  45  29571.639
  40  31832.978
  35  34008.433
  30  36196.855
  25  40345.588
  20  46314.166
  15  53905.052
  10  64257.923
   5  78621.019
   0 106050.944
  -5 162042.923
 -10  53587.805
 -15  20557.364
 -20    676.596
 -25     60.934
 -30      4.995
 -35      2.997
 -40      1.996
 -45      0.000
 -50      0.998
