 150      0.000
 145      0.000
 140      0.000
 135      0.000
 130      0.000
 125      0.000
 120      0.999
 115      0.999
 110      0.000
 105      0.999
 100      0.999
  95      3.996
  90      2.994
  85      6.986
  80      7.983
  75     11.975
  70     18.980
  65     21.976
  60     32.965
  55     63.931
  50     47.948
  45     89.814
  40    146.696
  35    418.132
  30   1067.783
  25   2772.017
  20   6623.873
  15  12073.034
  10  17606.073
   5  21426.583
   0  25743.582
  -5  36434.435
 -10      0.000
 -15      0.000
 -20      0.000
 -25      0.000
 -30      0.000
 -35      0.000
 -40      0.000
 -45      0.000
 -50      0.000
