 150   4478.186
 145   5742.826
 140   7172.290
 135   8923.425
 130  10400.430
 125  12043.997
 120  13767.104
 115  15098.724
 110  16756.021
 105  17638.057
 100  18437.180
  95  19134.430
  90  19248.060
  85  19659.227
  80  20122.266
  75  20775.807
  70  20721.724
  65  21572.788
  60  21813.572
  55  22584.744
  50  22844.419
  45  23481.276
  40  24809.545
  35  25710.650
  30  26716.536
  25  28622.203
  20  31690.901
  15  35592.738
  10  42310.516
   5  52331.517
   0  70147.444
  -5 101764.940
 -10  24346.481
 -15    349.276
 -20      5.988
 -25      0.000
 -30      0.000
 -35      0.000
 -40      0.000
 -45      0.000
 -50      0.000
