 150    364.608
 145    459.506
 140    638.314
 135    913.019
 130   1263.380
 125   1645.585
 120   2440.362
 115   3339.407
 110   4556.116
 105   6211.323
 100   8387.975
  95  10394.836
  90  12614.824
  85  14783.339
  80  16931.883
  75  18695.133
  70  20047.449
  65  20942.487
  60  21395.000
  55  22403.916
  50  22358.942
  45  23183.893
  40  24233.715
  35  24688.771
  30  25037.023
  25  25967.034
  20  27252.703
  15  28830.037
  10  31010.633
   5  35150.134
   0  42961.897
  -5  60704.100
 -10  21520.345
 -15     46.903
 -20      0.000
 -25      0.000
 -30      0.000
 -35      0.000
 -40      0.000
 -45      0.000
 -50      0.000
