 150   7503.941
 145   8268.120
 140   9396.898
 135  10460.776
 130  11075.030
 125  12068.945
 120  12583.372
 115  13112.877
 110  13675.340
 105  14126.828
 100  14534.376
  95  15206.638
  90  15438.964
  85  15758.317
  80  16380.028
  75  16772.131
  70  17430.262
  65  18088.537
  60  18403.217
  55  19058.531
  50  19475.025
  45  20278.941
  40  21951.451
  35  23204.850
  30  24878.353
  25  27280.673
  20  30741.952
  15  36595.696
  10  44891.741
   5  57923.924
   0  79273.587
  -5 116167.069
 -10  48853.677
 -15   4717.216
 -20    110.770
 -25      7.991
 -30      0.000
 -35      0.000
 -40      0.000
 -45      0.000
 -50      0.000
