 150  11670.466
 145  12204.880
 140  12819.219
 135  13505.509
 130  13835.292
 125  14404.097
 120  14854.927
 115  15293.514
 110  15776.088
 105  16706.058
 100  17141.556
  95  17942.694
  90  18377.884
  85  18643.334
  80  19197.204
  75  20090.232
  70  20819.619
  65  21659.694
  60  22556.751
  55  23758.460
  50  24303.825
  45  25542.998
  40  27368.238
  35  28865.105
  30  30962.721
  25  33470.020
  20  37808.356
  15  43558.218
  10  52210.873
   5  64671.935
   0  88175.125
  -5 139514.647
 -10  30146.476
 -15   1326.249
 -20     39.917
 -25      0.000
 -30      0.000
 -35      0.000
 -40      0.000
 -45      0.000
 -50      0.000
