 150    799.139
 145    545.415
 140    575.382
 135    693.254
 130    880.175
 125   1086.745
 120   1296.288
 115   1659.203
 110   2014.808
 105   2509.333
 100   3055.721
  95   3929.850
  90   5005.568
  85   6343.837
  80   8911.518
  75  12983.086
  70  19280.062
  65  32601.280
  60  55162.810
  55  89924.331
  50 141965.517
  45 205856.524
  40 279036.557
  35 342725.614
  30 389454.430
  25 417613.077
  20 434108.938
  15 448229.705
  10 462319.469
   5 484891.305
   0 521420.445
  -5 617291.503
 -10  77473.243
 -15    123.743
 -20      0.000
 -25      0.000
 -30      0.000
 -35      0.000
 -40      0.000
 -45      0.000
 -50      0.000
