 150 274115.503
 145 280377.435
 140 292581.475
 135 306971.392
 130 315782.068
 125 326070.079
 120 332931.840
 115 339929.516
 110 347252.883
 105 351689.506
 100 355903.759
  95 361495.261
  90 366796.596
  85 373940.448
  80 378564.236
  75 382191.717
  70 388599.535
  65 399404.634
  60 406387.946
  55 410809.790
  50 417555.391
  45 427327.424
  40 438371.817
  35 449619.984
  30 462974.846
  25 479320.482
  20 498615.481
  15 521047.874
  10 550257.473
   5 593483.895
   0 686611.847
  -5 872396.777
 -10 585061.582
 -15 169682.079
 -20  26315.107
 -25   2505.309
 -30    139.849
 -35      4.995
 -40      0.000
 -45      0.998
 -50      0.000
