 150    255.724
 145    183.803
 140    197.788
 135    263.716
 130    314.348
 125    319.338
 120    401.161
 115    491.469
 110    627.317
 105    710.245
 100    967.960
  95   1296.629
  90   1935.964
  85   3010.753
  80   4852.935
  75   7740.953
  70  12398.461
  65  20038.659
  60  30581.186
  55  43521.215
  50  58159.351
  45  72493.518
  40  83787.225
  35  91443.261
  30  96718.858
  25 101205.419
  20 104480.206
  15 109664.002
  10 116494.884
   5 125042.911
   0 141934.776
  -5 191400.843
 -10  17530.624
 -15     15.967
 -20      0.000
 -25      0.000
 -30      0.000
 -35      0.000
 -40      0.000
 -45      0.000
 -50      0.000
