 150 303578.046
 145 304577.189
 140 308247.634
 135 315896.096
 130 319751.516
 125 326186.164
 120 330970.940
 115 336646.412
 110 343142.005
 105 348121.946
 100 352349.225
  95 357093.195
  90 363549.726
  85 370494.224
  80 376725.671
  75 383343.329
  70 390632.898
  65 399612.208
  60 407212.061
  55 413594.799
  50 423301.877
  45 433323.487
  40 445431.620
  35 458000.687
  30 473134.622
  25 489096.091
  20 507355.130
  15 528328.519
  10 558925.714
   5 605071.292
   0 679929.746
  -5 811562.197
 -10 719626.774
 -15 392381.201
 -20 113659.905
 -25  23450.814
 -30   3546.181
 -35    467.495
 -40     40.915
 -45      8.981
 -50      1.996
