 150 131036.873
 145 126644.111
 140 152063.532
 135 180258.042
 130 208547.264
 125 239267.520
 120 265363.126
 115 289426.551
 110 309918.119
 105 326224.224
 100 337817.846
  95 348807.961
  90 356868.643
  85 363088.591
  80 368285.177
  75 373408.923
  70 380326.009
  65 388978.406
  60 394208.015
  55 400987.340
  50 406996.177
  45 414925.424
  40 424955.068
  35 434249.709
  30 447460.256
  25 460673.304
  20 476398.254
  15 495969.337
  10 524468.721
   5 570916.062
   0 659942.320
  -5 825519.222
 -10 653158.696
 -15 168934.630
 -20  18985.396
 -25   1232.676
 -30     37.959
 -35      4.995
 -40      0.000
 -45      0.000
 -50      0.000
