 150 226303.045
 145 233852.310
 140 259130.435
 135 284219.895
 130 303863.787
 125 321744.059
 120 335984.457
 115 347414.403
 110 357454.804
 105 364841.538
 100 370986.560
  95 374440.591
  90 380966.067
  85 386798.779
  80 390589.308
  75 395716.679
  70 400873.255
  65 411031.252
  60 415904.734
  55 422161.598
  50 428816.455
  45 437066.332
  40 446165.652
  35 458522.609
  30 468835.602
  25 483178.381
  20 500024.973
  15 521520.366
  10 548597.258
   5 595147.450
   0 684371.507
  -5 847678.068
 -10 549923.459
 -15 145045.176
 -20  20956.285
 -25   1782.086
 -30    126.863
 -35      7.991
 -40      3.992
 -45      3.992
 -50      0.998
