 150 212896.710
 145 214112.258
 140 224880.254
 135 236664.349
 130 245822.917
 125 254682.534
 120 264018.936
 115 271308.173
 110 281029.521
 105 287902.959
 100 295040.831
  95 304122.239
  90 311364.428
  85 321231.445
  80 329765.067
  75 339033.184
  70 349750.968
  65 364126.575
  60 373910.794
  55 383844.751
  50 395372.510
  45 409334.951
  40 424040.963
  35 442275.144
  30 458597.989
  25 479563.224
  20 503094.689
  15 531043.597
  10 570000.819
   5 640331.234
   0 773369.392
  -5 965603.407
 -10 714422.573
 -15 222096.372
 -20  35380.197
 -25   3746.976
 -30    278.700
 -35     14.984
 -40      5.988
 -45      0.000
 -50      0.000
