 150 257781.112
 145 262836.976
 140 276518.020
 135 291423.428
 130 298381.858
 125 309061.389
 120 316353.821
 115 323046.464
 110 331293.553
 105 335532.329
 100 340253.568
  95 344227.152
  90 349585.464
  85 357799.566
  80 363916.238
  75 368183.755
  70 374444.974
  65 384832.154
  60 391880.121
  55 398992.482
  50 405861.381
  45 417165.804
  40 428101.118
  35 441298.718
  30 453618.391
  25 467651.354
  20 483616.530
  15 502614.187
  10 530101.671
   5 576274.958
   0 671855.540
  -5 843240.589
 -10 531341.997
 -15 142193.092
 -20  21699.713
 -25   1998.853
 -30    147.840
 -35      6.992
 -40      0.000
 -45      0.998
 -50      0.998
