 150 277125.259
 145 285539.616
 140 302206.430
 135 318619.166
 130 328678.321
 125 339120.325
 120 344665.649
 115 351793.360
 110 357432.114
 105 361816.389
 100 363358.753
  95 366759.968
  90 370349.562
  85 373398.199
  80 375968.242
  75 378607.525
  70 383412.831
  65 389579.163
  60 394309.905
  55 397299.903
  50 403321.479
  45 409900.376
  40 419713.933
  35 428760.039
  30 439572.173
  25 454095.297
  20 472913.982
  15 494953.925
  10 529456.364
   5 591144.739
   0 727067.699
  -5 982721.869
 -10 561028.865
 -15 143926.496
 -20  21898.320
 -25   2042.806
 -30    128.861
 -35      8.990
 -40      4.990
 -45      0.998
 -50      1.996
