 150 261016.624
 145 269212.135
 140 285040.866
 135 302450.563
 130 313949.555
 125 322564.356
 120 332443.194
 115 339002.200
 110 346188.347
 105 353115.638
 100 355741.933
  95 359880.606
  90 365180.963
  85 371650.825
  80 376249.658
  75 380264.711
  70 388991.278
  65 397238.941
  60 402274.957
  55 407954.856
  50 415655.989
  45 423969.774
  40 433975.934
  35 445236.586
  30 457554.169
  25 471186.600
  20 486979.931
  15 504934.690
  10 528552.335
   5 562015.504
   0 614100.671
  -5 703361.119
 -10 797782.399
 -15 369113.459
 -20  72586.512
 -25   8325.059
 -30    631.319
 -35     37.959
 -40      2.994
 -45      1.996
 -50      0.998
