 150 180992.890
 145 184275.273
 140 213047.187
 135 245927.382
 130 274671.058
 125 302931.115
 120 325367.981
 115 343342.503
 110 358445.012
 105 368674.099
 100 374641.635
  95 380665.636
  90 384150.431
  85 388212.459
  80 391121.813
  75 392042.296
  70 395913.809
  65 401389.520
  60 404203.885
  55 407135.736
  50 411030.896
  45 415675.876
  40 421774.240
  35 429876.305
  30 436502.147
  25 447875.356
  20 458234.689
  15 474230.728
  10 498044.101
   5 533152.308
   0 607662.063
  -5 759093.363
 -10 580532.975
 -15 144544.215
 -20  15498.654
 -25    979.948
 -30     52.943
 -35      3.996
 -40      0.000
 -45      0.000
 -50      0.998
