 150 218087.120
 145 227621.762
 140 255933.871
 135 282853.649
 130 307105.756
 125 324191.303
 120 342369.106
 115 352065.713
 110 361904.610
 105 368733.037
 100 374350.573
  95 377792.296
  90 381746.821
  85 385187.735
  80 390651.788
  75 393849.550
  70 396498.575
  65 405375.140
  60 408442.741
  55 410601.015
  50 417034.526
  45 423079.610
  40 431574.346
  35 440560.683
  30 451331.169
  25 463333.477
  20 479899.508
  15 499198.862
  10 529734.066
   5 580783.616
   0 685570.014
  -5 861835.829
 -10 402392.037
 -15  39536.002
 -20   1546.773
 -25     20.977
 -30      0.000
 -35      0.000
 -40      0.000
 -45      0.000
 -50      0.000
