 150 286141.825
 145 295029.433
 140 312633.919
 135 329597.353
 130 342870.544
 125 350819.050
 120 361493.118
 115 365228.458
 110 371639.028
 105 376062.246
 100 380140.349
  95 382669.136
  90 386077.800
  85 389086.645
  80 394417.977
  75 397083.845
  70 399496.343
  65 407919.461
  60 410846.162
  55 412672.789
  50 418821.630
  45 424573.529
  40 432734.940
  35 441274.210
  30 451485.846
  25 462753.093
  20 478573.926
  15 496714.535
  10 524948.206
   5 571564.718
   0 666220.262
  -5 825876.480
 -10 513269.965
 -15 130421.506
 -20  19723.856
 -25   1779.089
 -30    119.871
 -35      5.994
 -40      0.000
 -45      0.000
 -50      0.000
