 150    149.838
 145     63.931
 140    100.892
 135    123.867
 130    169.648
 125    214.555
 120    259.457
 115    364.605
 110    479.478
 105    614.347
 100    783.159
  95    978.966
  90   1283.324
  85   1705.461
  80   2182.474
  75   2821.152
  70   3752.917
  65   5399.250
  60   7412.047
  55  11594.536
  50  19551.276
  45  37296.095
  40  71371.048
  35 129852.983
  30 214629.639
  25 307764.154
  20 383550.601
  15 425429.663
  10 448267.561
   5 468452.834
   0 502245.330
  -5 576660.430
 -10  29756.256
 -15      8.981
 -20      0.000
 -25      0.000
 -30      0.000
 -35      0.000
 -40      0.000
 -45      0.000
 -50      0.000
