 150 318724.733
 145 324151.186
 140 335471.368
 135 346886.750
 130 353346.805
 125 359385.276
 120 364527.772
 115 368624.779
 110 375497.834
 105 379621.462
 100 381113.303
  95 384679.010
  90 386970.940
  85 392161.265
  80 394472.863
  75 397604.765
  70 401979.666
  65 409003.320
  60 413434.385
  55 415532.718
  50 419728.668
  45 427037.449
  40 436134.892
  35 444697.145
  30 455373.724
  25 469460.963
  20 484552.529
  15 504628.020
  10 531700.953
   5 578878.564
   0 665949.824
  -5 826245.714
 -10 709579.622
 -15 340893.986
 -20  84422.894
 -25  12762.293
 -30   1356.539
 -35    120.869
 -40      2.994
 -45      0.000
 -50      0.000
