 150 205871.277
 145 213034.414
 140 240947.981
 135 269236.302
 130 293273.458
 125 313037.447
 120 331017.842
 115 343960.491
 110 354062.134
 105 361090.161
 100 365589.991
  95 369049.546
  90 373250.519
  85 376479.804
  80 380367.119
  75 381738.656
  70 385502.428
  65 391324.935
  60 394457.747
  55 397155.455
  50 400745.809
  45 406578.635
  40 413975.828
  35 421614.787
  30 431623.339
  25 443496.563
  20 459218.636
  15 479517.040
  10 509493.804
   5 562768.943
   0 670100.192
  -5 883878.069
 -10 636341.591
 -15 167520.562
 -20  20629.966
 -25   1543.342
 -30     63.931
 -35      0.999
 -40      0.000
 -45      0.998
 -50      0.000
