 150  16172.566
 145   6462.066
 140   7569.862
 135   9152.152
 130  11066.038
 125  14302.323
 120  18867.529
 115  25380.513
 110  35319.537
 105  48566.374
 100  68372.568
  95  95295.368
  90 131114.626
  85 173434.124
  80 222027.515
  75 273090.883
  70 323189.370
  65 367082.058
  60 398491.419
  55 418773.818
  50 432625.417
  45 441676.264
  40 449557.068
  35 456701.368
  30 464676.291
  25 471073.720
  20 480722.627
  15 491127.038
  10 507832.588
   5 534066.947
   0 582949.465
  -5 712772.996
 -10 347768.381
 -15  16428.910
 -20    218.544
 -25      8.990
 -30      0.000
 -35      0.000
 -40      0.000
 -45      0.000
 -50      0.000
