 150      0.000
 145      0.999
 140      1.998
 135      0.000
 130      0.000
 125      0.000
 120      0.000
 115      2.997
 110      0.999
 105      1.998
 100      3.996
  95      8.991
  90      6.985
  85     12.973
  80     25.946
  75     38.919
  70     47.948
  65     60.935
  60     88.905
  55    123.867
  50    188.800
  45    283.415
  40    504.953
  35    998.938
  30   2489.799
  25   6515.074
  20  16742.086
  15  34039.408
  10  54737.158
   5  70691.598
   0  79616.398
  -5  96510.740
 -10   1278.349
 -15      0.000
 -20      0.000
 -25      0.000
 -30      0.000
 -35      0.000
 -40      0.000
 -45      0.000
 -50      0.000
