 150  37670.391
 145  20528.972
 140  26232.826
 135  34391.030
 130  45636.350
 125  58505.601
 120  76218.779
 115  97656.238
 110 122526.691
 105 149916.489
 100 176910.998
  95 203791.592
  90 227250.637
  85 249460.619
  80 268386.367
  75 281547.633
  70 295484.945
  65 310018.581
  60 322082.406
  55 332530.530
  50 345423.506
  45 357804.849
  40 373853.003
  35 387722.353
  30 402287.025
  25 420180.348
  20 438202.124
  15 460808.170
  10 488576.269
   5 526721.160
   0 589536.942
  -5 710864.534
 -10 624054.711
 -15  79613.881
 -20   3007.726
 -25     56.939
 -30      3.996
 -35      0.000
 -40      0.000
 -45      0.000
 -50      0.000
