 150   5871.670
 145   3212.553
 140   3648.082
 135   4465.191
 130   4965.696
 125   6340.849
 120   7387.545
 115   9045.222
 110  11788.163
 105  15322.712
 100  21357.063
  95  29928.366
  90  43372.568
  85  63236.784
  80  91587.048
  75 128163.317
  70 175979.830
  65 230632.377
  60 285293.880
  55 336279.500
  50 379504.725
  45 408594.478
  40 428271.764
  35 440117.597
  30 451747.847
  25 454905.436
  20 461869.799
  15 474226.732
  10 489590.180
   5 512314.484
   0 556370.749
  -5 655826.161
 -10 550550.607
 -15  35766.784
 -20    535.881
 -25      2.997
 -30      0.000
 -35      0.000
 -40      0.000
 -45      0.000
 -50      0.000
