 150 198122.424
 145 204157.144
 140 227510.426
 135 252724.815
 130 273310.155
 125 293511.670
 120 308268.411
 115 322682.212
 110 334850.353
 105 343364.347
 100 350080.014
  95 355035.083
  90 360782.130
  85 366992.857
  80 373042.683
  75 379046.237
  70 386071.271
  65 396802.405
  60 403047.530
  55 409239.477
  50 417895.031
  45 427662.732
  40 438417.722
  35 448665.953
  30 462663.496
  25 479182.629
  20 496011.268
  15 518132.008
  10 548247.634
   5 595957.771
   0 697007.225
  -5 922584.637
 -10 633468.187
 -15 153816.984
 -20  18984.399
 -25   1362.537
 -30     67.927
 -35      0.999
 -40      0.998
 -45      1.996
 -50      0.000
