 150 113311.850
 145 113065.681
 140 115796.634
 135 131321.698
 130 158255.778
 125 175455.929
 120 193913.720
 115 182291.760
 110 185779.871
 105 214875.587
 100 220124.586
  95 230933.672
  90 247780.872
  85 259488.561
  80 272323.202
  75 280565.668
  70 296914.817
  65 305872.222
  60 307841.686
  55 319336.713
  50 325969.472
  45 333257.490
  40 340878.359
  35 346559.701
  30 351213.666
  25 354379.295
  20 357988.952
  15 363828.884
  10 370087.526
   5 377086.055
   0 382757.864
  -5 392048.108
 -10 310251.229
 -15  54321.338
 -20   7932.453
 -25   1187.724
 -30    218.764
 -35     47.948
 -40     47.901
 -45     34.928
 -50     34.928
