 150 255127.972
 145 264867.797
 140 283759.243
 135 302584.419
 130 314937.505
 125 326575.030
 120 333381.233
 115 342652.250
 110 348368.975
 105 352893.874
 100 355918.743
  95 359497.012
  90 363821.795
  85 366667.166
  80 370922.706
  75 372723.345
  70 378109.020
  65 385078.891
  60 387090.265
  55 391241.806
  50 396944.842
  45 403294.407
  40 410811.976
  35 420172.344
  30 431546.499
  25 443846.635
  20 461065.660
  15 482964.330
  10 518679.938
   5 577878.635
   0 698463.197
  -5 903468.496
 -10 624904.947
 -15 192726.286
 -20  31712.815
 -25   3300.455
 -30    217.765
 -35     17.981
 -40      2.994
 -45      1.996
 -50      0.998
