 150     55.940
 145     15.983
 140     20.977
 135     38.958
 130     45.905
 125     73.847
 120     89.812
 115    132.856
 110    150.836
 105    261.722
 100    339.636
  95    406.571
  90    515.925
  85    725.495
  80    985.955
  75   1318.267
  70   1747.103
  65   2542.292
  60   3486.259
  55   5034.588
  50   8518.970
  45  15605.821
  40  31417.871
  35  64838.174
  30 123401.215
  25 205951.074
  20 291585.295
  15 351498.787
  10 385593.872
   5 408768.033
   0 434213.835
  -5 496159.972
 -10  20443.580
 -15      3.992
 -20      0.000
 -25      0.000
 -30      0.000
 -35      0.000
 -40      0.000
 -45      0.000
 -50      0.000
