 150  38497.500
 145  36619.707
 140  37824.377
 135  44292.341
 130  56859.074
 125  66151.735
 120  78041.892
 115  70835.356
 110  72505.114
 105  91369.874
 100  95230.722
  95 103802.177
  90 117036.214
  85 127683.058
  80 140162.303
  75 150006.187
  70 168561.796
  65 180478.137
  60 184161.395
  55 200623.330
  50 212958.264
  45 223838.222
  40 237048.598
  35 247863.410
  30 262547.800
  25 272299.546
  20 283397.764
  15 299711.810
  10 315311.356
   5 338742.464
   0 357876.617
  -5 388631.202
 -10  98874.835
 -15   9077.174
 -20   1166.567
 -25    156.832
 -30     32.964
 -35     18.980
 -40      8.981
 -45     11.975
 -50     13.971
