 150    213.770
 145    118.872
 140    168.819
 135    214.769
 130    254.472
 125    322.331
 120    405.152
 115    512.445
 110    625.320
 105    801.148
 100   1012.913
  95   1308.618
  90   1700.456
  85   2126.587
  80   2815.161
  75   3801.120
  70   5264.283
  65   8061.415
  60  12808.257
  55  22244.088
  50  40180.409
  45  70372.891
  40 119318.652
  35 182618.076
  30 248607.659
  25 305486.268
  20 344755.456
  15 369835.057
  10 391929.068
   5 417777.365
   0 453640.428
  -5 515465.893
 -10 146471.073
 -15    204.576
 -20      0.000
 -25      0.000
 -30      0.000
 -35      0.000
 -40      0.000
 -45      0.000
 -50      0.000
