 150 256540.449
 145 261247.681
 140 270361.632
 135 280789.870
 130 287034.690
 125 293936.083
 120 299586.863
 115 304341.702
 110 310334.356
 105 315764.343
 100 319186.194
  95 321427.929
  90 325642.686
  85 331774.568
  80 336952.161
  75 340680.111
  70 346584.422
  65 354447.122
  60 359562.190
  55 363324.426
  50 371084.650
  45 379271.563
  40 388558.518
  35 400092.210
  30 410470.937
  25 423931.361
  20 441477.619
  15 460856.579
  10 487759.147
   5 527019.543
   0 601450.982
  -5 750265.449
 -10 543421.401
 -15 180993.619
 -20  32053.137
 -25   3424.322
 -30    270.708
 -35     17.981
 -40      2.994
 -45      0.000
 -50      0.000
