 150   1884.968
 145   1185.728
 140   1484.404
 135   1766.100
 130   2161.515
 125   2606.591
 120   3146.418
 115   3937.735
 110   4611.978
 105   5812.821
 100   7218.248
  95   9404.069
  90  12577.775
  85  18124.392
  80  27197.592
  75  42994.872
  70  68223.773
  65 109079.830
  60 165109.837
  55 233247.259
  50 305550.117
  45 369962.138
  40 415694.266
  35 441510.722
  30 458943.268
  25 466991.055
  20 476608.029
  15 484921.709
  10 498415.702
   5 518816.531
   0 564523.791
  -5 701930.494
 -10  79540.953
 -15    414.141
 -20      1.996
 -25      0.000
 -30      0.000
 -35      0.000
 -40      0.000
 -45      0.000
 -50      0.000
