 150 230452.572
 145 228166.178
 140 235283.306
 135 244289.389
 130 250281.915
 125 256585.585
 120 263779.964
 115 270902.612
 110 279538.862
 105 286425.244
 100 293422.864
  95 300669.193
  90 308392.618
  85 316500.578
  80 325293.342
  75 333553.876
  70 342036.994
  65 354774.035
  60 363980.449
  55 371480.658
  50 384678.856
  45 395889.280
  40 409718.653
  35 425524.292
  30 440017.244
  25 458672.431
  20 478686.805
  15 501353.544
  10 533504.017
   5 574639.921
   0 640748.525
  -5 766190.622
 -10 599933.737
 -15 229582.845
 -20  46388.234
 -25   6898.591
 -30    759.182
 -35     76.917
 -40      6.985
 -45      0.000
 -50      0.998
