 150 374548.237
 145 374049.645
 140 375565.642
 135 381974.995
 130 381952.449
 125 386365.904
 120 388575.876
 115 390272.725
 110 395388.817
 105 397133.847
 100 399422.021
  95 401519.594
  90 404594.824
  85 407915.575
  80 409429.843
  75 412911.035
  70 417003.054
  65 423816.635
  60 428565.720
  55 432064.962
  50 438145.128
  45 444976.459
  40 452557.396
  35 461039.952
  30 472494.958
  25 486004.863
  20 503530.223
  15 527890.989
  10 566054.058
   5 627296.242
   0 737843.286
  -5 908125.823
 -10 737034.391
 -15 577945.341
 -20 270810.818
 -25 109534.360
 -30  32055.412
 -35   7844.528
 -40   1498.885
 -45    287.404
 -50     29.938
