 150     92.900
 145     31.966
 140     52.943
 135     43.953
 130     90.812
 125    112.766
 120    158.668
 115    170.815
 110    264.713
 105    341.637
 100    430.538
  95    561.407
  90    758.419
  85   1043.835
  80   1329.244
  75   1834.198
  70   2397.406
  65   3277.509
  60   4691.966
  55   7108.366
  50  11968.314
  45  22381.826
  40  43742.279
  35  84259.089
  30 150699.189
  25 234769.440
  20 314251.751
  15 367073.396
  10 393221.287
   5 412404.909
   0 435421.324
  -5 478778.535
 -10 132880.406
 -15     40.915
 -20      0.000
 -25      0.000
 -30      0.000
 -35      0.000
 -40      0.000
 -45      0.000
 -50      0.000
