 150 326539.990
 145 325968.236
 140 328692.984
 135 335160.367
 130 337671.332
 125 340614.884
 120 344470.058
 115 348051.408
 110 352397.591
 105 355998.574
 100 360169.178
  95 362650.678
  90 367593.934
  85 372395.280
  80 375745.703
  75 380326.583
  70 385854.663
  65 392809.658
  60 398835.651
  55 405396.604
  50 411765.117
  45 421915.011
  40 433665.578
  35 445407.234
  30 459088.963
  25 474775.788
  20 493607.840
  15 518613.971
  10 559133.491
   5 628329.102
   0 747776.625
  -5 914918.714
 -10 776866.778
 -15 460174.598
 -20 146188.904
 -25  34920.495
 -30   5783.759
 -35    756.183
 -40     77.838
 -45      6.986
 -50      0.998
