 150     33.963
 145      6.992
 140      7.991
 135     16.982
 130     27.942
 125     26.944
 120     44.906
 115     62.932
 110     64.929
 105    119.873
 100    169.818
  95    229.757
  90    341.289
  85    440.087
  80    639.673
  75    850.237
  70   1172.726
  65   1639.254
  60   2328.502
  55   3437.305
  50   5162.528
  45   9135.163
  40  17773.156
  35  37069.489
  30  77949.164
  25 149949.604
  20 244862.242
  15 333008.683
  10 394230.596
   5 429811.431
   0 462090.851
  -5 520204.056
 -10  12695.657
 -15      0.998
 -20      0.000
 -25      0.000
 -30      0.000
 -35      0.000
 -40      0.000
 -45      0.000
 -50      0.000
