 150 260203.501
 145 268334.346
 140 285333.267
 135 302695.996
 130 313072.687
 125 325404.460
 120 333714.204
 115 340687.695
 110 347906.174
 105 353070.040
 100 358299.187
  95 362383.323
  90 367437.261
  85 372548.335
  80 379790.694
  75 382639.788
  70 391123.804
  65 398582.510
  60 407150.128
  55 411838.685
  50 419651.170
  45 429667.596
  40 439084.339
  35 450617.925
  30 464002.698
  25 478932.894
  20 496528.714
  15 516154.134
  10 542264.066
   5 581164.409
   0 651459.963
  -5 781058.304
 -10 558567.531
 -15 167358.898
 -20  26881.924
 -25   2622.184
 -30    167.819
 -35      8.990
 -40      0.000
 -45      0.998
 -50      0.998
