 150 145959.655
 145 146385.928
 140 168184.370
 135 190723.781
 130 211316.729
 125 231847.916
 120 249637.258
 115 264737.554
 110 277870.677
 105 289163.619
 100 298606.297
  95 306019.232
  90 314123.680
  85 321883.093
  80 327757.232
  75 335116.638
  70 343547.686
  65 352462.210
  60 360210.494
  55 369137.178
  50 379404.831
  45 388301.933
  40 402217.204
  35 413988.528
  30 426837.763
  25 442075.074
  20 458332.584
  15 477632.545
  10 503985.719
   5 542979.489
   0 617650.287
  -5 769025.503
 -10 343348.552
 -15  37815.571
 -20   2121.574
 -25     79.914
 -30      2.997
 -35      0.000
 -40      0.000
 -45      0.000
 -50      0.000
