 150   3971.718
 145   1941.916
 140   2170.669
 135   2543.261
 130   2834.119
 125   3493.754
 120   4241.128
 115   5405.157
 110   7050.322
 105   9666.724
 100  13817.160
  95  20232.614
  90  29893.672
  85  44948.731
  80  67650.692
  75  96282.407
  70 129885.165
  65 171294.571
  60 208839.915
  55 239206.853
  50 268183.725
  45 283053.344
  40 295223.706
  35 300031.734
  30 308853.496
  25 306232.475
  20 306712.817
  15 315688.319
  10 326882.928
   5 338924.748
   0 369196.072
  -5 429376.045
 -10 283236.285
 -15   4039.618
 -20     14.969
 -25      3.996
 -30      0.000
 -35      0.000
 -40      0.000
 -45      0.000
 -50      0.000
