 150  22350.906
 145   8748.613
 140  10392.828
 135  12877.144
 130  16582.591
 125  21766.834
 120  29463.363
 115  39969.713
 110  54865.252
 105  75373.878
 100 103028.348
  95 138705.527
  90 181072.464
  85 228327.221
  80 279706.888
  75 325460.321
  70 368847.694
  65 404308.412
  60 425966.937
  55 438598.507
  50 448233.872
  45 454687.435
  40 460848.661
  35 464943.357
  30 469114.021
  25 474920.634
  20 481670.612
  15 492900.132
  10 510073.181
   5 538074.647
   0 598195.753
  -5 751279.096
 -10 307206.546
 -15  18751.091
 -20    441.079
 -25      4.995
 -30      0.000
 -35      0.000
 -40      0.000
 -45      0.000
 -50      0.000
