 150  57907.576
 145  33138.442
 140  43559.217
 135  57759.850
 130  76892.448
 125 100391.587
 120 129546.248
 115 163413.187
 110 201284.003
 105 239915.969
 100 276682.843
  95 310038.290
  90 335620.567
  85 356139.012
  80 370365.861
  75 377634.164
  70 383749.934
  65 391399.160
  60 394157.675
  55 397089.526
  50 398756.919
  45 403607.761
  40 407564.711
  35 414771.497
  30 421071.382
  25 427582.907
  20 435292.237
  15 445854.261
  10 461860.961
   5 488722.367
   0 539939.925
  -5 661435.199
 -10 497970.210
 -15  53398.252
 -20   2047.726
 -25     34.962
 -30      0.000
 -35      0.000
 -40      0.000
 -45      0.000
 -50      0.000
