 150 118362.524
 145 111962.864
 140 136213.570
 135 164497.001
 130 193668.139
 125 223286.680
 120 250620.952
 115 274338.891
 110 296233.994
 105 310865.550
 100 321984.866
  95 330444.390
  90 336690.673
  85 341461.467
  80 347216.872
  75 351543.251
  70 355999.233
  65 364610.066
  60 369997.992
  55 374121.194
  50 379708.130
  45 387408.164
  40 395177.796
  35 404557.992
  30 414709.671
  25 428263.756
  20 443901.026
  15 463020.790
  10 492127.455
   5 533666.244
   0 616346.000
  -5 802971.032
 -10 379270.015
 -15  44962.747
 -20   2817.123
 -25    114.877
 -30      2.997
 -35      0.000
 -40      0.000
 -45      0.000
 -50      0.000
