 150 121512.010
 145 114704.922
 140 139003.710
 135 167637.622
 130 196907.417
 125 226471.844
 120 253620.932
 115 280277.739
 110 303603.679
 105 320442.370
 100 333320.014
  95 342476.003
  90 349516.607
  85 356457.351
  80 361548.149
  75 364570.246
  70 370811.894
  65 375860.708
  60 381867.874
  55 383360.271
  50 389988.222
  45 397300.766
  40 404179.731
  35 413251.635
  30 423179.977
  25 435798.182
  20 449190.366
  15 468180.238
  10 493942.506
   5 537091.147
   0 626118.673
  -5 812424.594
 -10 516483.813
 -15  89152.099
 -20   7448.455
 -25    380.591
 -30      9.989
 -35      0.000
 -40      0.000
 -45      0.000
 -50      0.998
