 150  29058.675
 145  11402.776
 140  14048.897
 135  18041.569
 130  24120.973
 125  32176.202
 120  43648.731
 115  60018.939
 110  81556.430
 105 109731.465
 100 142452.007
  95 183223.516
  90 225986.045
  85 270656.658
  80 310957.385
  75 343320.297
  70 370115.535
  65 390770.829
  60 403200.366
  55 409266.448
  50 415503.566
  45 423672.963
  40 430262.635
  35 439221.447
  30 447553.062
  25 455491.812
  20 465666.737
  15 477238.968
  10 493860.100
   5 520524.993
   0 566083.546
  -5 664867.400
 -10 559105.415
 -15  46882.765
 -20   1080.746
 -25     13.985
 -30      0.000
 -35      0.000
 -40      0.000
 -45      0.000
 -50      0.000
