 150  23104.094
 145   9527.777
 140  12328.759
 135  16265.515
 130  21551.303
 125  28982.861
 120  38385.812
 115  51452.277
 110  68850.091
 105  89377.902
 100 111513.235
  95 136377.849
  90 162285.958
  85 186213.793
  80 208676.206
  75 228669.197
  70 247773.139
  65 266887.437
  60 282815.539
  55 298577.030
  50 315907.822
  45 332741.554
  40 351368.613
  35 371935.952
  30 392765.905
  25 415348.485
  20 437293.096
  15 465286.352
  10 500097.895
   5 544786.747
   0 619318.057
  -5 779375.238
 -10 170728.908
 -15   4180.330
 -20     38.919
 -25      0.999
 -30      0.000
 -35      0.000
 -40      0.000
 -45      0.000
 -50      0.000
