 150    975.948
 145    643.310
 140    730.215
 135    914.017
 130   1153.606
 125   1327.246
 120   1692.459
 115   1998.835
 110   2515.261
 105   3097.707
 100   3850.864
  95   4627.114
  90   5991.508
  85   7815.782
  80  10760.682
  75  15378.121
  70  24152.722
  65  39261.187
  60  65074.175
  55 103985.216
  50 162980.241
  45 233993.505
  40 310509.314
  35 375114.763
  30 420759.034
  25 444556.881
  20 458828.054
  15 467871.039
  10 481016.388
   5 499133.295
   0 531949.545
  -5 602095.652
 -10 149272.260
 -15    526.907
 -20      0.998
 -25      0.000
 -30      0.000
 -35      0.000
 -40      0.000
 -45      0.000
 -50      0.000
