 150    372.599
 145    216.767
 140    270.709
 135    357.615
 130    441.085
 125    526.907
 120    651.637
 115    838.092
 110   1102.800
 105   1386.526
 100   1773.097
  95   2116.765
  90   2676.422
  85   3606.516
  80   4638.380
  75   6111.331
  70   8275.013
  65  12503.684
  60  20002.537
  55  34574.832
  50  61376.940
  45 106593.205
  40 173775.763
  35 256513.556
  30 336642.753
  25 397190.786
  20 430471.826
  15 444416.808
  10 451878.682
   5 465334.826
   0 492206.211
  -5 569969.743
 -10  48689.968
 -15     52.890
 -20      0.000
 -25      0.000
 -30      0.000
 -35      0.000
 -40      0.000
 -45      0.000
 -50      0.000
