 150 229757.551
 145 233043.944
 140 246513.997
 135 258907.416
 130 269806.152
 125 279967.068
 120 286632.651
 115 295540.929
 110 303568.022
 105 310513.924
 100 316608.646
  95 324051.154
  90 329845.931
  85 338232.168
  80 345067.330
  75 351261.834
  70 360846.008
  65 372267.003
  60 380957.233
  55 388259.010
  50 398247.459
  45 408818.017
  40 421646.926
  35 435368.400
  30 449128.770
  25 465684.977
  20 487845.006
  15 512847.176
  10 552028.122
   5 617967.571
   0 755321.930
  -5 1011127.898
 -10 744970.187
 -15 204177.536
 -20  27681.257
 -25   2337.490
 -30    119.871
 -35      3.996
 -40      0.000
 -45      0.000
 -50      0.998
