 150 109277.199
 145 103908.506
 140 126925.682
 135 151966.484
 130 178928.901
 125 205345.907
 120 229723.877
 115 249722.800
 110 268781.566
 105 282938.237
 100 294031.210
  95 303202.212
  90 309856.569
  85 318660.779
  80 324448.095
  75 330177.871
  70 337214.494
  65 346317.674
  60 352735.515
  55 359993.008
  50 367737.199
  45 377387.450
  40 387397.924
  35 399735.945
  30 413321.984
  25 429810.112
  20 450739.709
  15 474871.513
  10 512072.035
   5 581909.865
   0 731102.307
  -5 942767.814
 -10 490867.450
 -15  70681.407
 -20   4910.756
 -25    201.783
 -30      8.990
 -35      0.000
 -40      0.000
 -45      0.000
 -50      0.000
