 150  23147.047
 145   9018.323
 140  10780.411
 135  13766.188
 130  17474.740
 125  23158.945
 120  31368.377
 115  43253.157
 110  58396.406
 105  79479.513
 100 107627.408
  95 142938.057
  90 184549.215
  85 230967.742
  80 277733.980
  75 319761.135
  70 360274.022
  65 390688.916
  60 408905.245
  55 422621.682
  50 430224.962
  45 439100.575
  40 448149.985
  35 456637.500
  30 463849.019
  25 474263.332
  20 488835.946
  15 504936.194
  10 533354.178
   5 581053.638
   0 694181.103
  -5 984990.145
 -10 373520.944
 -15  20107.277
 -20    417.129
 -25      9.989
 -30      0.000
 -35      0.000
 -40      0.000
 -45      0.000
 -50      0.000
