 150  29601.090
 145  21835.570
 140  28038.886
 135  35632.624
 130  44302.073
 125  54737.474
 120  65546.876
 115  77405.325
 110  89171.892
 105 100401.273
 100 110930.860
  95 118047.224
  90 123792.892
  85 129412.469
  80 132862.443
  75 136123.815
  70 136100.378
  65 138279.732
  60 139684.119
  55 141529.855
  50 144098.256
  45 145707.551
  40 148706.583
  35 149930.543
  30 154179.764
  25 155384.826
  20 159029.838
  15 167190.103
  10 177936.896
   5 191902.378
   0 224673.679
  -5 299785.944
 -10 179072.425
 -15  15041.788
 -20    467.025
 -25      7.991
 -30      0.000
 -35      0.000
 -40      0.000
 -45      0.000
 -50      0.000
