 150 251667.702
 145 260088.925
 140 276634.894
 135 292960.774
 130 303771.977
 125 314952.474
 120 321852.329
 115 327681.449
 110 334612.941
 105 338101.598
 100 340243.578
  95 344950.043
  90 348906.228
  85 352313.949
  80 356245.148
  75 359903.280
  70 364618.036
  65 372577.049
  60 376230.305
  55 381563.819
  50 386846.942
  45 393543.121
  40 403425.699
  35 413828.857
  30 425799.930
  25 441060.153
  20 458732.157
  15 479679.345
  10 515005.884
   5 569511.542
   0 685096.998
  -5 886588.442
 -10 470381.957
 -15  97439.910
 -20  11739.511
 -25    834.104
 -30     57.938
 -35      0.999
 -40      0.000
 -45      1.996
 -50      0.000
