 150   8627.699
 145   4590.075
 140   5132.483
 135   6007.536
 130   6972.532
 125   8151.086
 120  10158.748
 115  12827.108
 110  16731.779
 105  22615.959
 100  31861.780
  95  45771.665
  90  66634.068
  85  95818.177
  80 136297.319
  75 186460.467
  70 243321.266
  65 304192.035
  60 354871.223
  55 396336.938
  50 423987.573
  45 441826.953
  40 452732.486
  35 460501.525
  30 468048.247
  25 476200.275
  20 483288.881
  15 494397.523
  10 508657.702
   5 533633.844
   0 576306.283
  -5 670856.972
 -10 263087.094
 -15   7197.066
 -20     55.883
 -25      0.000
 -30      0.000
 -35      0.000
 -40      0.000
 -45      0.000
 -50      0.000
