 150 341470.894
 145 346146.585
 140 351349.650
 135 357785.023
 130 362144.550
 125 366132.908
 120 369801.116
 115 372456.003
 110 375619.326
 105 377764.436
 100 379626.281
  95 381662.583
  90 384289.141
  85 387560.811
  80 390036.065
  75 392892.534
  70 395004.790
  65 402570.263
  60 405406.593
  55 408623.139
  50 412660.168
  45 419870.228
  40 428338.626
  35 438287.935
  30 450642.608
  25 465658.471
  20 484652.422
  15 509215.085
  10 551464.727
   5 623174.782
   0 765473.814
  -5 1011371.382
 -10 740752.679
 -15 312716.426
 -20  73511.581
 -25  11034.149
 -30   1075.839
 -35     83.909
 -40     10.977
 -45      1.996
 -50      0.998
