 150  46357.027
 145  44078.704
 140  45366.277
 135  54328.542
 130  69793.249
 125  80421.126
 120  94135.257
 115  86711.179
 110  89713.392
 105 111318.668
 100 116595.776
  95 126207.472
  90 141190.899
  85 152354.864
  80 164633.550
  75 175078.238
  70 192555.003
  65 203925.470
  60 207666.174
  55 222064.281
  50 232143.927
  45 243456.749
  40 254345.741
  35 263384.375
  30 275459.840
  25 282882.296
  20 292667.845
  15 307320.630
  10 321148.087
   5 340130.590
   0 357473.455
  -5 382971.950
 -10  95519.796
 -15   8766.818
 -20    742.451
 -25     87.906
 -30     13.985
 -35      3.996
 -40     26.944
 -45      5.988
 -50      6.986
