 150 272470.277
 145 277343.411
 140 287779.924
 135 298041.308
 130 303923.662
 125 310366.988
 120 314109.511
 115 320536.180
 110 325498.857
 105 328762.525
 100 332010.421
  95 336456.030
  90 340417.909
  85 344387.396
  80 348355.511
  75 351836.994
  70 357890.268
  65 365830.147
  60 370378.584
  55 376091.701
  50 382615.428
  45 392030.242
  40 402320.989
  35 413275.000
  30 426386.705
  25 441197.008
  20 463283.287
  15 486815.673
  10 527029.970
   5 596905.808
   0 739962.877
  -5 996523.218
 -10 679755.507
 -15 231318.246
 -20  42923.462
 -25   4907.729
 -30    395.574
 -35     25.972
 -40      1.996
 -45      0.000
 -50      0.000
