 150  28782.972
 145  26355.720
 140  32662.920
 135  39758.180
 130  46993.489
 125  55239.433
 120  62444.366
 115  70079.244
 110  76616.565
 105  82141.683
 100  86609.981
  95  90441.403
  90  92151.863
  85  95136.592
  80  96865.102
  75  98403.011
  70  99698.130
  65 101917.458
  60 103772.652
  55 105831.231
  50 107319.242
  45 109082.073
  40 111908.901
  35 114226.237
  30 117398.637
  25 120270.153
  20 124503.781
  15 130595.479
  10 138660.079
   5 152984.017
   0 183697.908
  -5 260031.435
 -10 144068.059
 -15  13274.456
 -20    483.989
 -25      5.994
 -30      3.996
 -35      0.000
 -40      0.000
 -45      0.000
 -50      0.000
