 150 116693.205
 145 113535.177
 140 134727.303
 135 157960.193
 130 181385.806
 125 203100.566
 120 222863.438
 115 241525.428
 110 258881.337
 105 273365.139
 100 284612.326
  95 293699.560
  90 301476.025
  85 310191.662
  80 320147.015
  75 326975.507
  70 335546.958
  65 347623.472
  60 356877.071
  55 365011.613
  50 375452.645
  45 387086.441
  40 397757.449
  35 411960.302
  30 425711.115
  25 440504.743
  20 457971.970
  15 476427.364
  10 502422.398
   5 535295.403
   0 590183.598
  -5 704211.353
 -10 514256.432
 -15  90159.010
 -20   6471.500
 -25    244.737
 -30     14.984
 -35      0.000
 -40      0.000
 -45      0.000
 -50      0.000
