 150 163587.653
 145 167171.625
 140 194214.414
 135 225437.429
 130 251959.185
 125 278817.176
 120 301785.269
 115 318832.024
 110 332884.821
 105 342070.379
 100 348597.606
  95 351988.948
  90 356161.759
  85 358684.729
  80 361992.228
  75 364977.402
  70 367864.075
  65 375473.121
  60 376390.756
  55 378983.971
  50 382357.319
  45 387807.341
  40 393801.256
  35 401440.026
  30 408823.967
  25 419168.843
  20 433331.335
  15 450593.162
  10 479563.948
   5 534349.827
   0 646913.420
  -5 836443.706
 -10 476440.862
 -15  82450.997
 -20   7202.967
 -25    331.644
 -30      9.989
 -35      1.998
 -40      0.000
 -45      0.000
 -50      0.000
