 150   1252.650
 145    510.452
 140    579.378
 135    671.277
 130    744.455
 125    994.937
 120   1287.307
 115   1653.213
 110   2315.478
 105   3358.430
 100   4907.729
  95   7417.160
  90  11148.755
  85  17111.494
  80  25001.148
  75  35767.853
  70  47504.125
  65  61301.714
  60  74171.414
  55  84402.268
  50  93400.995
  45  98274.358
  40 101563.358
  35 105600.042
  30 108956.281
  25 112717.182
  20 116286.573
  15 121896.839
  10 126947.658
   5 135672.886
   0 149832.349
  -5 186749.495
 -10  84571.514
 -15    153.681
 -20      0.000
 -25      0.000
 -30      0.000
 -35      0.000
 -40      0.000
 -45      0.000
 -50      0.000
