 150  13064.916
 145   4281.406
 140   5065.560
 135   6260.258
 130   7659.107
 125  10117.017
 120  13506.744
 115  19064.391
 110  27039.554
 105  38818.736
 100  56858.934
  95  80578.828
  90 110581.438
  85 150126.488
  80 191677.461
  75 234345.202
  70 270434.685
  65 302783.536
  60 322098.388
  55 333747.222
  50 347721.415
  45 351783.622
  40 360459.407
  35 362663.463
  30 371688.172
  25 368234.567
  20 372970.921
  15 383668.173
  10 396274.401
   5 412863.547
   0 447518.162
  -5 529156.999
 -10 229863.034
 -15   1871.117
 -20      0.998
 -25      0.000
 -30      0.000
 -35      0.000
 -40      0.000
 -45      0.000
 -50      0.000
