 150 321343.592
 145 322275.199
 140 327481.285
 135 334834.718
 130 338973.968
 125 343161.939
 120 348882.835
 115 354536.392
 110 359639.712
 105 364671.354
 100 369201.478
  95 371931.496
  90 378811.935
  85 383891.425
  80 388018.250
  75 393151.390
  70 399642.384
  65 410153.518
  60 413686.115
  55 420600.854
  50 429865.343
  45 437929.551
  40 449786.592
  35 462745.892
  30 477846.257
  25 493056.881
  20 512246.896
  15 538545.064
  10 578401.796
   5 643693.910
   0 762147.733
  -5 945784.551
 -10 645332.934
 -15 278836.693
 -20  73700.261
 -25  13062.970
 -30   1719.148
 -35    167.819
 -40     18.961
 -45      0.000
 -50      0.000
