 150 243771.215
 145 245875.176
 140 255853.214
 135 267786.130
 130 275631.341
 125 283250.256
 120 291630.783
 115 298731.474
 110 306390.647
 105 313155.802
 100 319102.284
  95 326344.054
  90 332772.834
  85 339480.917
  80 347783.697
  75 354959.524
  70 362863.647
  65 373993.047
  60 382026.086
  55 389581.200
  50 398819.852
  45 410264.624
  40 422117.949
  35 435073.573
  30 451417.440
  25 467499.049
  20 487830.022
  15 511268.875
  10 540325.690
   5 583518.533
   0 659457.647
  -5 813472.418
 -10 690884.106
 -15 259051.727
 -20  47650.601
 -25   5217.397
 -30    416.551
 -35     39.957
 -40      3.992
 -45      0.000
 -50      0.000
