 150   4149.527
 145   1684.193
 140   1941.914
 135   2215.614
 130   2620.562
 125   3174.416
 120   4184.247
 115   5291.280
 110   7631.689
 105  10881.433
 100  15725.111
  95  23132.549
  90  33820.484
  85  49961.330
  80  71137.461
  75  96852.225
  70 124104.478
  65 153905.091
  60 177483.560
  55 195236.121
  50 212908.317
  45 219445.503
  40 228344.414
  35 230668.899
  30 237136.385
  25 234634.583
  20 235708.792
  15 245136.233
  10 253390.858
   5 264684.574
   0 290456.850
  -5 342188.958
 -10 203841.030
 -15   2137.565
 -20      8.981
 -25      0.000
 -30      0.000
 -35      0.000
 -40      0.000
 -45      0.000
 -50      0.000
