 150 184683.096
 145 188794.424
 140 214170.766
 135 240914.776
 130 265895.267
 125 284021.655
 120 299787.145
 115 315792.996
 110 327262.266
 105 335113.774
 100 340530.929
  95 345586.370
  90 352107.560
  85 356840.556
  80 361385.487
  75 365959.366
  70 371927.063
  65 379604.277
  60 386391.402
  55 390990.077
  50 397018.763
  45 406133.553
  40 415698.258
  35 427012.646
  30 438235.526
  25 451206.368
  20 469893.214
  15 489556.237
  10 518361.280
   5 561652.257
   0 643639.230
  -5 812477.297
 -10 432444.677
 -15  68460.014
 -20   5797.906
 -25    333.642
 -30      7.991
 -35      2.997
 -40      0.000
 -45      0.998
 -50      0.000
