 150   6350.155
 145   1803.065
 140   2434.385
 135   3077.685
 130   4195.295
 125   5989.578
 120   8190.865
 115  11851.189
 110  16647.870
 105  23360.168
 100  32344.262
  95  42526.050
  90  54614.130
  85  68475.912
  80  81311.360
  75  92830.562
  70 101337.340
  65 107434.582
  60 111825.012
  55 114438.978
  50 117589.355
  45 118270.127
  40 120712.642
  35 122273.627
  30 124612.560
  25 125111.007
  20 127259.832
  15 132856.047
  10 139119.586
   5 149678.865
   0 171177.950
  -5 218618.367
 -10  86881.720
 -15    758.426
 -20      2.994
 -25      0.000
 -30      0.000
 -35      0.000
 -40      0.000
 -45      0.000
 -50      0.000
