 150 232205.682
 145 239719.781
 140 255783.289
 135 272332.970
 130 283212.617
 125 294047.851
 120 301333.214
 115 309143.507
 110 315001.279
 105 319591.274
 100 321930.247
  95 325560.557
  90 330020.567
  85 334767.358
  80 339081.744
  75 343211.865
  70 348840.996
  65 357092.339
  60 361932.646
  55 365261.344
  50 371831.858
  45 380882.240
  40 388822.970
  35 398763.951
  30 411170.476
  25 426839.270
  20 442940.054
  15 465570.512
  10 499275.778
   5 554226.198
   0 670575.204
  -5 897096.627
 -10 552904.723
 -15 136572.748
 -20  18698.994
 -25   1476.414
 -30    115.875
 -35      5.994
 -40      0.000
 -45      0.000
 -50      0.000
