 150   2592.208
 145   1586.298
 140   1926.930
 135   2356.464
 130   2724.350
 125   3193.374
 120   3936.764
 115   4821.778
 110   5839.646
 105   7386.149
 100   9428.883
  95  12952.322
  90  18229.011
  85  26893.197
  80  40209.605
  75  61366.787
  70  92356.701
  65 135401.797
  60 189331.847
  55 247574.857
  50 309548.878
  45 361783.003
  40 399114.635
  35 423668.548
  30 436526.097
  25 444903.068
  20 449311.686
  15 455208.196
  10 464662.952
   5 483036.149
   0 524681.662
  -5 644307.418
 -10 258919.742
 -15   4050.599
 -20     16.965
 -25      0.000
 -30      0.000
 -35      0.000
 -40      0.000
 -45      0.000
 -50      0.000
