 150      2.997
 145      0.000
 140      0.999
 135      0.000
 130      0.000
 125      1.996
 120      5.987
 115      0.000
 110      4.995
 105      3.996
 100      3.996
  95     10.988
  90     15.967
  85     28.940
  80     41.913
  75     89.814
  70    135.852
  65    230.754
  60    384.587
  55    605.349
  50    905.041
  45   1358.199
  40   2126.592
  35   3554.663
  30   6256.929
  25  14541.542
  20  38471.874
  15 102582.621
  10 218807.001
   5 342376.596
   0 415657.433
  -5 466089.398
 -10    213.557
 -15      0.000
 -20      0.000
 -25      0.000
 -30      0.000
 -35      0.000
 -40      0.000
 -45      0.000
 -50      0.000
