 150 246348.436
 145 255172.200
 140 272676.146
 135 291697.134
 130 304742.659
 125 315963.061
 120 325333.054
 115 332505.229
 110 339779.320
 105 343206.172
 100 348502.708
  95 350636.377
  90 354447.332
  85 359424.195
  80 362331.524
  75 365638.032
  70 370121.639
  65 376271.271
  60 380783.039
  55 387085.270
  50 391666.442
  45 397692.957
  40 406439.045
  35 415886.195
  30 426813.387
  25 437761.098
  20 450231.253
  15 467444.030
  10 493303.192
   5 536769.813
   0 629622.385
  -5 808434.881
 -10 592376.411
 -15 179743.213
 -20  27371.875
 -25   2389.434
 -30    175.810
 -35      6.992
 -40      0.998
 -45      0.000
 -50      0.998
