 150 167539.393
 145 172522.883
 140 193682.984
 135 216581.958
 130 235807.934
 125 251330.489
 120 265279.566
 115 275779.606
 110 286461.330
 105 295075.335
 100 300874.860
  95 306838.365
  90 313430.125
  85 319482.075
  80 326704.415
  75 331398.343
  70 338995.580
  65 349468.359
  60 356729.230
  55 362903.878
  50 372434.220
  45 382603.689
  40 393339.607
  35 405843.339
  30 418399.382
  25 434348.288
  20 451592.796
  15 471410.234
  10 501460.431
   5 543490.431
   0 628928.828
  -5 827493.124
 -10 444035.626
 -15  66714.634
 -20   5129.300
 -25    265.715
 -30     15.983
 -35      5.994
 -40      0.000
 -45      0.000
 -50      0.000
