 150    151.683
 145    154.679
 140    217.552
 135    252.476
 130    276.425
 125    308.360
 120    423.122
 115    463.038
 110    566.816
 105    705.547
 100    855.224
  95   1115.669
  90   1584.691
  85   2424.985
  80   3556.641
  75   5925.645
  70   9852.448
  65  16512.752
  60  26318.311
  55  40907.848
  50  55031.351
  45  74179.449
  40  89011.621
  35 100871.664
  30 105019.159
  25 111106.560
  20 114272.656
  15 120260.479
  10 126466.531
   5 143124.285
   0 178261.369
  -5 273087.254
 -10   5649.859
 -15      3.996
 -20      0.000
 -25      0.000
 -30      0.000
 -35      0.000
 -40      0.000
 -45      0.000
 -50      0.000
