 150    508.937
 145    595.764
 140    713.529
 135    911.110
 130   1123.662
 125   1453.983
 120   2097.647
 115   2929.912
 110   4217.199
 105   6079.476
 100   9178.945
  95  12432.029
  90  17889.646
  85  24248.829
  80  31598.622
  75  40181.182
  70  49033.716
  65  55870.149
  60  62182.975
  55  68398.022
  50  70450.787
  45  74084.645
  40  77157.590
  35  80242.819
  30  81309.836
  25  85712.859
  20  88874.408
  15  95256.409
  10 100545.707
   5 114081.363
   0 135882.063
  -5 185177.527
 -10  77582.745
 -15    330.639
 -20      1.998
 -25      0.000
 -30      0.000
 -35      0.000
 -40      0.000
 -45      0.000
 -50      0.000
