 150    143.700
 145    168.650
 140    181.626
 135    237.507
 130    294.388
 125    322.331
 120    420.129
 115    468.027
 110    553.844
 105    694.568
 100    880.173
  95   1095.711
  90   1404.068
  85   2028.800
  80   3043.748
  75   4802.928
  70   7882.463
  65  12726.261
  60  21020.320
  55  34199.941
  50  49803.053
  45  71954.055
  40  93054.199
  35 113797.895
  30 125518.812
  25 139850.661
  20 147572.492
  15 159441.282
  10 168293.234
   5 185865.195
   0 217977.892
  -5 295616.056
 -10  58372.607
 -15     45.950
 -20      0.000
 -25      0.000
 -30      0.000
 -35      0.000
 -40      0.000
 -45      0.000
 -50      0.000
