 150      2.994
 145     13.971
 140      5.988
 135     13.971
 130     17.963
 125     20.957
 120     35.925
 115     34.927
 110     61.871
 105     73.848
 100    102.787
  95    126.735
  90    149.687
  85    209.566
  80    253.479
  75    361.242
  70    427.104
  65    620.112
  60    911.107
  55   1495.848
  50   2725.421
  45   5692.217
  40  12032.836
  35  25260.895
  30  43317.001
  25  69412.382
  20  90840.325
  15 106692.093
  10 113881.325
   5 122644.158
   0 139863.786
  -5 189995.225
 -10   1319.567
 -15      0.999
 -20      0.000
 -25      0.000
 -30      0.000
 -35      0.000
 -40      0.000
 -45      0.000
 -50      0.000
