 150 142194.241
 145 148877.229
 140 152252.208
 135 157276.808
 130 157528.341
 125 165257.256
 120 171272.780
 115 176660.899
 110 181922.328
 105 187767.012
 100 195164.838
  95 197853.310
  90 205494.667
  85 212283.149
  80 215805.714
  75 225049.297
  70 232908.563
  65 236471.781
  60 245335.193
  55 257691.210
  50 262033.617
  45 278940.036
  40 289385.990
  35 304860.580
  30 314313.969
  25 333241.432
  20 352266.343
  15 374074.122
  10 401761.713
   5 442061.226
   0 513498.503
  -5 646223.065
 -10 358113.089
 -15  86576.372
 -20  10850.358
 -25   1011.913
 -30     69.856
 -35      1.998
 -40      2.997
 -45      0.999
 -50      0.000
