 150     16.965
 145     33.930
 140     29.938
 135     59.876
 130     71.851
 125     93.805
 120    130.729
 115    147.693
 110    162.661
 105    251.482
 100    288.401
  95    349.271
  90    463.034
  85    498.966
  80    653.648
  75    798.327
  70   1017.864
  65   1259.167
  60   1851.131
  55   2860.938
  50   4843.086
  45   9726.865
  40  18478.803
  35  34069.443
  30  54858.424
  25  82925.855
  20 106665.456
  15 124826.562
  10 133071.750
   5 144677.616
   0 164102.754
  -5 208876.174
 -10  19872.419
 -15      1.998
 -20      0.000
 -25      0.000
 -30      0.000
 -35      0.000
 -40      0.000
 -45      0.000
 -50      0.000
