 150    122.744
 145    150.687
 140    162.665
 135    208.568
 130    243.494
 125    265.449
 120    342.290
 115    413.142
 110    490.969
 105    621.727
 100    787.354
  95    990.906
  90   1173.522
  85   1528.835
  80   1989.885
  75   2835.027
  70   4257.018
  65   6812.338
  60  11433.242
  55  20200.236
  50  34153.089
  45  57385.041
  40  87516.432
  35 122221.856
  30 152496.084
  25 180410.059
  20 197132.556
  15 212847.763
  10 223388.240
   5 243196.807
   0 278487.626
  -5 361514.710
 -10   9004.230
 -15      1.998
 -20      0.000
 -25      0.000
 -30      0.000
 -35      0.000
 -40      0.000
 -45      0.000
 -50      0.000
