 150      0.000
 145      2.994
 140      3.992
 135      3.992
 130     11.975
 125     20.957
 120     22.952
 115     19.959
 110     37.921
 105     54.887
 100     61.872
  95     78.835
  90    127.733
  85    183.619
  80    206.573
  75    290.391
  70    411.137
  65    469.571
  60    690.557
  55   1050.773
  50   1515.897
  45   3047.691
  40   6384.022
  35  14386.563
  30  29566.890
  25  56967.760
  20  88431.328
  15 118597.271
  10 134247.476
   5 145721.495
   0 160042.115
  -5 190612.569
 -10  11812.172
 -15      0.000
 -20      0.000
 -25      0.000
 -30      0.000
 -35      0.000
 -40      0.000
 -45      0.000
 -50      0.000
