 150 217042.033
 145 221109.419
 140 221220.065
 135 224410.572
 130 220598.156
 125 227809.523
 120 231138.619
 115 233958.834
 110 237853.600
 105 241640.978
 100 248599.907
  95 251056.530
  90 258758.865
  85 265567.744
  80 270132.366
  75 283962.814
  70 294700.183
  65 303527.401
  60 321701.504
  55 347770.422
  50 367047.653
  45 406270.208
  40 448667.056
  35 511232.936
  30 583668.719
  25 708455.702
  20 895287.488
  15 1207308.728
  10 1751516.126
   5 2631635.623
   0 3840571.227
  -5 4882865.514
 -10 5013986.810
 -15 4115813.416
 -20 2967353.030
 -25 2030165.798
 -30 1304475.476
 -35 746641.853
 -40 379206.249
 -45 173092.791
 -50  70154.584
