 150 173063.989
 145 174714.642
 140 174140.921
 135 175905.348
 130 171549.178
 125 176122.546
 120 178234.342
 115 179511.974
 110 181292.467
 105 181260.959
 100 185286.974
  95 184217.774
  90 186160.828
  85 188906.774
  80 188297.601
  75 192283.052
  70 193802.882
  65 193498.924
  60 198380.765
  55 205250.485
  50 204682.016
  45 217664.781
  40 222375.388
  35 232764.244
  30 239635.756
  25 257017.706
  20 273556.822
  15 303432.204
  10 350838.023
   5 442210.066
   0 602013.835
  -5 799542.885
 -10 335768.356
 -15 122580.142
 -20  21968.450
 -25   2618.600
 -30    278.426
 -35     24.973
 -40      5.994
 -45      1.998
 -50      0.000
