 150 133177.059
 145 136641.605
 140 136944.620
 135 140299.020
 130 137755.469
 125 143408.571
 120 146087.016
 115 148662.080
 110 152259.235
 105 154364.854
 100 158868.190
  95 158734.562
  90 163364.059
  85 167180.435
  80 167469.673
  75 175145.894
  70 177556.309
  65 178057.991
  60 184072.289
  55 192870.308
  50 193265.386
  45 206692.147
  40 212050.229
  35 224033.612
  30 228066.320
  25 244388.283
  20 258220.676
  15 277891.711
  10 303937.532
   5 351546.439
   0 446964.960
  -5 622263.157
 -10 291068.899
 -15  86918.998
 -20  11763.378
 -25   1032.870
 -30     70.854
 -35      4.995
 -40      0.000
 -45      0.999
 -50      0.000
