 150    752.430
 145    919.094
 140   1105.721
 135   1473.943
 130   1794.268
 125   2482.848
 120   3375.998
 115   4784.059
 110   6927.535
 105   9760.893
 100  14396.099
  95  19789.659
  90  27336.921
  85  36689.127
  80  46210.391
  75  58269.508
  70  69054.951
  65  76652.746
  60  84007.433
  55  92032.180
  50  92420.815
  45  98484.138
  40  99221.452
  35 103670.658
  30 103022.324
  25 108994.831
  20 111906.570
  15 120906.783
  10 131922.600
   5 160867.229
   0 243604.126
  -5 482382.192
 -10  17589.880
 -15    100.890
 -20      0.000
 -25      0.998
 -30      0.000
 -35      0.000
 -40      0.000
 -45      0.000
 -50      0.000
