 150      3.992
 145      3.992
 140      4.990
 135      0.998
 130      4.990
 125      5.988
 120      9.979
 115     22.952
 110     23.950
 105     33.930
 100     50.894
  95     73.846
  90     89.812
  85    105.781
  80    155.680
  75    201.577
  70    248.479
  65    358.907
  60    489.982
  55    733.455
  50   1194.555
  45   2452.922
  40   5207.303
  35  12020.102
  30  25650.170
  25  49341.957
  20  77816.375
  15 103232.818
  10 115941.088
   5 126078.466
   0 143048.366
  -5 189923.301
 -10     95.896
 -15      0.000
 -20      0.000
 -25      0.000
 -30      0.000
 -35      0.000
 -40      0.000
 -45      0.000
 -50      0.000
