 150      7.983
 145      8.981
 140     13.971
 135     17.963
 130     31.934
 125     39.917
 120     45.905
 115     71.851
 110     93.804
 105     94.805
 100    167.652
  95    189.604
  90    220.540
  85    283.414
  80    335.306
  75    501.953
  70    661.620
  65    925.185
  60   1385.122
  55   2427.887
  50   4464.860
  45   9064.237
  40  17571.776
  35  32997.561
  30  51911.728
  25  75033.339
  20  91408.145
  15 102914.161
  10 108910.614
   5 117840.439
   0 138620.982
  -5 197298.666
 -10   2104.712
 -15      0.000
 -20      0.000
 -25      0.000
 -30      0.000
 -35      0.000
 -40      0.000
 -45      0.000
 -50      0.000
