 150 159078.163
 145 163533.994
 140 163788.432
 135 167952.666
 130 165218.346
 125 171951.201
 120 174448.020
 115 177301.567
 110 181446.322
 105 183147.533
 100 189797.411
  95 190559.634
  90 194707.309
  85 199121.420
  80 200915.507
  75 207094.652
  70 211821.844
  65 213485.286
  60 219802.251
  55 229095.775
  50 230534.097
  45 244924.761
  40 251682.163
  35 264226.221
  30 271699.934
  25 288784.268
  20 304030.225
  15 324491.523
  10 353730.107
   5 399218.240
   0 490868.317
  -5 657135.122
 -10 394906.132
 -15 171440.615
 -20  29226.669
 -25   4113.522
 -30    398.179
 -35     29.968
 -40      1.998
 -45      0.000
 -50      0.999
