 150  74675.153
 145  85455.765
 140  92422.425
 135 101365.767
 130 105009.580
 125 114455.619
 120 119867.395
 115 123886.564
 110 129717.280
 105 132686.533
 100 138684.092
  95 139973.735
  90 144230.990
  85 149877.304
  80 150544.674
  75 157141.631
  70 161609.781
  65 163308.888
  60 169292.179
  55 179390.871
  50 178935.719
  45 191933.697
  40 198854.652
  35 210870.736
  30 216354.040
  25 232732.812
  20 247071.832
  15 269059.223
  10 293558.782
   5 334775.451
   0 414415.917
  -5 592464.802
 -10 227627.796
 -15  19462.727
 -20    825.115
 -25     25.946
 -30      1.996
 -35      5.994
 -40      0.999
 -45      0.000
 -50      0.000
