 150 141040.648
 145 145944.311
 140 147611.625
 135 150994.837
 130 148544.028
 125 153996.611
 120 156869.652
 115 159085.420
 110 161271.427
 105 162423.246
 100 166842.635
  95 166605.128
  90 170054.097
  85 173174.010
  80 172526.216
  75 178719.404
  70 180502.126
  65 180517.505
  60 185258.809
  55 193778.384
  50 190793.446
  45 203870.987
  40 210788.608
  35 222004.789
  30 227469.968
  25 244147.541
  20 259833.326
  15 281694.615
  10 306070.220
   5 349146.017
   0 431025.079
  -5 594528.611
 -10 296085.451
 -15  83442.797
 -20  12037.084
 -25   1145.638
 -30     76.842
 -35      7.991
 -40      2.997
 -45      0.999
 -50      0.000
