 150  12152.637
 145  16037.738
 140  20880.943
 135  27819.303
 130  34512.215
 125  45493.646
 120  56774.250
 115  70095.342
 110  82548.721
 105  95677.808
 100 108833.063
  95 116326.111
  90 124354.472
  85 131259.898
  80 132907.148
  75 138100.541
  70 139742.680
  65 137946.092
  60 141338.602
  55 147311.846
  50 143394.472
  45 152044.268
  40 154115.552
  35 160006.313
  30 160286.928
  25 170440.776
  20 178585.079
  15 195043.938
  10 216368.457
   5 257164.805
   0 357471.076
  -5 606069.354
 -10 281984.765
 -15  13563.175
 -20    204.780
 -25      0.000
 -30      0.000
 -35      0.000
 -40      0.000
 -45      0.000
 -50      0.000
