 150    188.606
 145    204.576
 140    259.465
 135    299.379
 130    371.227
 125    430.108
 120    493.975
 115    747.447
 110    907.107
 105   1274.375
 100   1818.225
  95   2744.267
  90   4316.986
  85   6732.071
  80  10176.944
  75  15479.709
  70  22437.196
  65  30847.668
  60  39920.526
  55  48734.414
  50  54076.306
  45  60096.600
  40  62710.395
  35  65019.169
  30  65569.709
  25  67849.062
  20  69399.856
  15  72199.241
  10  74947.532
   5  82152.686
   0  95804.106
  -5 138650.891
 -10  12089.870
 -15      5.993
 -20      0.000
 -25      0.000
 -30      0.000
 -35      0.000
 -40      0.000
 -45      0.000
 -50      0.000
