 150 173883.279
 145 182147.227
 140 186735.950
 135 191465.093
 130 189897.014
 125 196429.409
 120 199313.624
 115 202160.910
 110 204781.164
 105 206126.060
 100 210438.708
  95 210043.489
  90 213705.654
  85 216199.251
  80 215101.171
  75 221072.421
  70 223244.730
  65 223644.463
  60 228180.840
  55 235729.960
  50 234765.435
  45 247399.142
  40 253361.583
  35 262940.864
  30 268258.671
  25 283641.086
  20 298020.012
  15 321165.105
  10 351278.563
   5 409268.446
   0 529292.011
  -5 755526.631
 -10 401092.414
 -15  90979.650
 -20  10620.615
 -25    738.477
 -30     52.891
 -35      2.997
 -40      0.000
 -45      0.000
 -50      0.000
