 150   9481.213
 145  12416.249
 140  15956.114
 135  20472.540
 130  25148.691
 125  31555.522
 120  39229.638
 115  46567.233
 110  54326.566
 105  61442.429
 100  69865.889
  95  74977.372
  90  80342.245
  85  84937.350
  80  86499.033
  75  90887.500
  70  92525.991
  65  92319.073
  60  94816.970
  55  98897.721
  50  97653.104
  45 103077.629
  40 104748.405
  35 109528.367
  30 111200.459
  25 118720.376
  20 124965.447
  15 136741.729
  10 151733.066
   5 182156.364
   0 254868.017
  -5 446465.300
 -10 126698.279
 -15   4374.219
 -20     81.912
 -25      0.000
 -30      0.000
 -35      0.000
 -40      0.000
 -45      0.000
 -50      0.000
