 150 132915.738
 145 141883.875
 140 148779.366
 135 155036.454
 130 157581.231
 125 164953.721
 120 168366.639
 115 172252.060
 110 176620.393
 105 178288.547
 100 184165.121
  95 184724.893
  90 188924.448
  85 193929.179
  80 194888.970
  75 200442.667
  70 204420.468
  65 205897.308
  60 211524.452
  55 220023.989
  50 220269.109
  45 233374.681
  40 239770.171
  35 250010.489
  30 256240.723
  25 271550.811
  20 282912.109
  15 301085.731
  10 323384.183
   5 358205.288
   0 414612.292
  -5 520099.654
 -10 368963.306
 -15  87979.838
 -20   8406.988
 -25    496.976
 -30     19.959
 -35      0.000
 -40      0.000
 -45      1.998
 -50      0.000
