 150 122928.448
 145 129348.731
 140 132112.716
 135 136663.560
 130 134742.735
 125 140109.413
 120 141726.060
 115 144765.178
 110 146764.702
 105 148121.721
 100 151860.737
  95 151263.196
  90 154645.399
  85 157565.524
  80 157189.931
  75 162322.771
  70 164792.288
  65 165723.361
  60 169461.858
  55 177143.809
  50 176040.645
  45 187646.197
  40 192016.318
  35 202747.249
  30 205492.041
  25 220859.355
  20 231804.542
  15 251667.954
  10 274878.605
   5 322308.840
   0 424750.818
  -5 609004.628
 -10 286041.359
 -15  49502.893
 -20   4175.520
 -25    217.551
 -30      8.981
 -35      0.000
 -40      0.000
 -45      0.999
 -50      1.998
