 150 111159.122
 145 125319.088
 140 135531.534
 135 149325.448
 130 154801.014
 125 165431.729
 120 174080.132
 115 180671.745
 110 185234.009
 105 189703.677
 100 194366.579
  95 196952.839
  90 201626.166
  85 206667.199
  80 208591.633
  75 215254.459
  70 219818.184
  65 222581.909
  60 227918.386
  55 237197.852
  50 238539.709
  45 253923.616
  40 260296.756
  35 271347.844
  30 277324.271
  25 292884.150
  20 305103.300
  15 322297.885
  10 346046.534
   5 382956.704
   0 453100.917
  -5 593434.179
 -10 329304.704
 -15  17971.375
 -20    301.676
 -25      0.998
 -30      0.000
 -35      0.000
 -40      0.000
 -45      0.000
 -50      0.000
