 150   1023.863
 145   1223.463
 140   1510.886
 135   1959.935
 130   2384.041
 125   3422.897
 120   4744.161
 115   6787.895
 110   9499.166
 105  13737.700
 100  19510.477
  95  26543.551
  90  36003.824
  85  47176.439
  80  57762.489
  75  69948.158
  70  80552.967
  65  86306.370
  60  92604.568
  55  98963.583
  50  97578.257
  45 103064.656
  40 103653.603
  35 107952.059
  30 107360.621
  25 114166.271
  20 118495.884
  15 127369.823
  10 140277.518
   5 170123.288
   0 247842.569
  -5 468431.994
 -10  89869.312
 -15    449.509
 -20      3.996
 -25      1.996
 -30      0.000
 -35      0.000
 -40      0.000
 -45      0.000
 -50      0.000
