 150  66153.005
 145  70906.939
 140  75953.384
 135  81660.717
 130  81323.846
 125  92026.046
 120  97225.355
 115 103131.692
 110 110612.824
 105 116471.583
 100 122428.593
  95 126624.835
  90 134929.030
  85 141125.729
  80 141090.225
  75 147397.581
  70 152982.055
  65 155759.426
  60 160674.119
  55 164829.057
  50 165572.074
  45 176623.859
  40 182213.205
  35 189817.326
  30 195324.877
  25 204194.491
  20 207635.741
  15 215427.984
  10 228259.241
   5 243222.779
   0 264978.148
  -5 291615.305
 -10 121513.037
 -15  10645.375
 -20   1518.372
 -25    277.428
 -30     39.918
 -35     18.980
 -40     19.979
 -45     23.974
 -50     18.980
