 150  29682.054
 145  37534.154
 140  46529.057
 135  57466.814
 130  67949.665
 125  82787.299
 120  96836.162
 115 110107.197
 110 122598.138
 105 132712.480
 100 143364.376
  95 148466.003
  90 154044.509
  85 158778.851
  80 158697.813
  75 163281.761
  70 165382.861
  65 162945.992
  60 165826.423
  55 171800.954
  50 167953.200
  45 176431.786
  40 179087.258
  35 185732.709
  30 186064.933
  25 196968.259
  20 204932.355
  15 221423.527
  10 240487.312
   5 282879.188
   0 385774.678
  -5 610302.858
 -10 193556.797
 -15   8439.775
 -20    212.772
 -25      1.996
 -30      0.000
 -35      0.000
 -40      0.000
 -45      0.000
 -50      0.000
