 150 200207.367
 145 206507.703
 140 208448.180
 135 214032.311
 130 215051.692
 125 221580.221
 120 227857.651
 115 233849.295
 110 239614.809
 105 244596.311
 100 251345.437
  95 256367.296
  90 263547.388
  85 270055.984
  80 275068.159
  75 284510.536
  70 291633.653
  65 298254.394
  60 307557.895
  55 318733.242
  50 322370.108
  45 340747.630
  40 351145.549
  35 365712.590
  30 375542.410
  25 395144.220
  20 412915.375
  15 436664.712
  10 465509.129
   5 511017.168
   0 600138.851
  -5 757108.194
 -10 541124.880
 -15 215076.137
 -20  41415.561
 -25   5934.763
 -30    684.588
 -35     62.932
 -40      9.989
 -45      1.998
 -50      0.999
