 150  95964.722
 145 107916.182
 140 116740.282
 135 128199.115
 130 132379.650
 125 142438.582
 120 149514.906
 115 154389.179
 110 158769.648
 105 163338.360
 100 167587.089
  95 168601.959
  90 172645.688
  85 175918.321
  80 175373.328
  75 182249.006
  70 186039.503
  65 184992.882
  60 189647.636
  55 198542.289
  50 196764.224
  45 209395.551
  40 214620.420
  35 224744.849
  30 228959.350
  25 245652.923
  20 259828.337
  15 282487.761
  10 308382.713
   5 357469.078
   0 467406.006
  -5 708101.996
 -10 349608.325
 -15  53141.916
 -20   3822.898
 -25    176.636
 -30      3.992
 -35      0.000
 -40      1.998
 -45      0.000
 -50      0.000
