 150   1469.931
 145   1834.196
 140   2470.907
 135   3294.168
 130   4281.091
 125   5943.667
 120   8415.538
 115  11593.908
 110  16102.394
 105  21379.957
 100  28855.097
  95  36193.392
  90  45860.244
  85  54818.580
  80  62876.908
  75  71667.502
  70  77531.270
  65  80574.603
  60  84381.558
  55  89370.874
  50  87517.851
  45  92097.358
  40  93502.708
  35  96754.086
  30  97165.838
  25 102909.372
  20 105799.255
  15 113587.666
  10 122100.277
   5 139199.361
   0 175556.452
  -5 266449.297
 -10 120253.405
 -15   1978.837
 -20     13.985
 -25      0.000
 -30      0.000
 -35      0.000
 -40      0.000
 -45      0.000
 -50      0.000
