 150 131176.366
 145 141522.624
 140 148813.296
 135 157122.129
 130 158850.591
 125 166579.348
 120 171595.938
 115 176466.303
 110 179542.295
 105 183454.899
 100 189004.061
  95 189486.888
  90 195180.317
  85 200837.864
  80 200823.697
  75 208048.642
  70 212178.092
  65 213467.340
  60 219545.784
  55 228790.422
  50 228807.631
  45 243070.601
  40 250433.527
  35 260782.919
  30 267706.271
  25 283793.638
  20 298699.303
  15 321696.533
  10 352688.209
   5 410030.627
   0 534514.397
  -5 765992.516
 -10 279872.059
 -15  36372.245
 -20   2822.974
 -25    152.685
 -30      7.984
 -35      3.996
 -40      0.000
 -45      0.999
 -50      0.999
