 150   2532.712
 145   3464.814
 140   4693.327
 135   6268.000
 130   8293.741
 125  11397.350
 120  15197.465
 115  20109.213
 110  25879.988
 105  32315.430
 100  39518.959
  95  45888.140
  90  52224.954
  85  58409.151
  80  62552.579
  75  65913.504
  70  68010.131
  65  68627.138
  60  70152.312
  55  72174.074
  50  70827.017
  45  73724.391
  40  74697.281
  35  76322.030
  30  76396.103
  25  79796.219
  20  81635.443
  15  86564.770
  10  90750.354
   5 101070.349
   0 118895.306
  -5 159274.010
 -10  76674.731
 -15    993.914
 -20      5.994
 -25      0.000
 -30      0.000
 -35      0.000
 -40      0.000
 -45      0.000
 -50      0.000
