 150 149018.148
 145 163075.781
 140 172580.140
 135 182360.966
 130 188625.659
 125 197619.939
 120 205128.563
 115 211127.278
 110 215924.774
 105 219825.018
 100 225520.369
  95 227990.763
  90 232290.403
  85 237775.567
  80 239717.265
  75 246163.580
  70 250755.655
  65 252328.436
  60 259917.891
  55 268369.861
  50 270557.169
  45 284358.525
  40 291002.516
  35 302895.993
  30 311119.125
  25 328238.144
  20 343339.883
  15 366195.607
  10 393751.136
   5 434831.990
   0 515728.592
  -5 681413.339
 -10 447553.956
 -15 101663.983
 -20  11279.908
 -25    829.290
 -30     43.910
 -35      0.999
 -40      0.000
 -45      0.000
 -50      0.999
