 150    161.662
 145    210.563
 140    212.562
 135    268.443
 130    289.398
 125    352.269
 120    402.166
 115    511.936
 110    622.700
 105    740.474
 100    900.131
  95   1085.732
  90   1550.762
  85   2202.441
  80   3399.018
  75   5689.070
  70   9515.037
  65  15215.683
  60  24348.404
  55  38700.458
  50  53496.493
  45  73418.025
  40  89313.291
  35 104025.381
  30 110250.378
  25 118572.535
  20 121195.277
  15 127064.152
  10 133117.434
   5 149525.260
   0 185378.903
  -5 287361.822
 -10   7700.637
 -15     11.987
 -20      0.999
 -25      0.000
 -30      0.000
 -35      0.000
 -40      0.000
 -45      0.000
 -50      0.000
