 150      0.998
 145      0.000
 140      0.998
 135      0.000
 130      2.994
 125      1.996
 120      2.994
 115      3.992
 110      3.992
 105     11.975
 100     13.971
  95     15.967
  90     24.948
  85     34.928
  80     51.893
  75     63.866
  70    129.728
  65    180.451
  60    240.500
  55    333.298
  50    449.081
  45    828.285
  40   1522.335
  35   3346.409
  30   8320.972
  25  21238.169
  20  44540.489
  15  75948.204
  10 103498.601
   5 122684.115
   0 141181.371
  -5 183226.414
 -10     41.954
 -15      0.000
 -20      0.000
 -25      0.000
 -30      0.000
 -35      0.000
 -40      0.000
 -45      0.000
 -50      0.000
