 150 158653.050
 145 161951.113
 140 161735.501
 135 163249.584
 130 159942.320
 125 164885.862
 120 167287.047
 115 169503.771
 110 172190.572
 105 173046.773
 100 178295.502
  95 177756.356
  90 180633.502
  85 185570.683
  80 185355.684
  75 191913.829
  70 195701.873
  65 197301.388
  60 203436.259
  55 212286.589
  50 213294.386
  45 227584.218
  40 235231.363
  35 246702.288
  30 254854.228
  25 274513.898
  20 291596.354
  15 323558.527
  10 371357.560
   5 452435.085
   0 596033.264
  -5 797671.872
 -10 320565.865
 -15 186365.489
 -20  43603.257
 -25  11027.262
 -30   1792.306
 -35    272.707
 -40     39.957
 -45     12.986
 -50      7.991
