 150    368.231
 145    382.207
 140    399.177
 135    496.969
 130    595.761
 125    652.646
 120    788.365
 115    982.957
 110   1068.769
 105   1308.304
 100   1710.449
  95   2222.357
  90   3184.351
  85   4820.023
  80   7305.993
  75  11639.592
  70  18503.180
  65  28098.468
  60  41495.772
  55  59969.644
  50  74649.193
  45  93570.309
  40 105449.638
  35 116056.471
  30 118585.335
  25 126452.064
  20 129732.546
  15 137521.889
  10 146239.184
   5 168487.876
   0 222275.276
  -5 394003.568
 -10  13027.852
 -15     20.977
 -20      0.000
 -25      0.000
 -30      0.000
 -35      0.000
 -40      0.000
 -45      0.000
 -50      0.000
