 150   6603.212
 145   9016.300
 140  11323.662
 135  14865.170
 130  18997.466
 125  23700.821
 120  29500.786
 115  35139.979
 110  41535.316
 105  47851.426
 100  53605.715
  95  57830.193
  90  61633.310
  85  64288.986
  80  65833.790
  75  67715.745
  70  68854.370
  65  68397.839
  60  70120.378
  55  71527.435
  50  71199.255
  45  73054.777
  40  73679.395
  35  75514.897
  30  76568.918
  25  79914.092
  20  82860.898
  15  88454.734
  10  94507.271
   5 106807.182
   0 130585.751
  -5 188981.491
 -10  86817.716
 -15   3529.143
 -20     54.941
 -25      0.998
 -30      0.000
 -35      0.000
 -40      0.000
 -45      0.000
 -50      0.000
