 150 103723.633
 145 113361.003
 140 119386.944
 135 125712.273
 130 125747.445
 125 132832.373
 120 136367.038
 115 137335.617
 110 140340.110
 105 140857.692
 100 145286.948
  95 144119.206
  90 146459.581
  85 148782.722
  80 148101.726
  75 152116.491
  70 154861.088
  65 153667.772
  60 157225.286
  55 162848.088
  50 161740.916
  45 170245.422
  40 175173.710
  35 181944.592
  30 185827.192
  25 197156.859
  20 206910.041
  15 223482.310
  10 243130.012
   5 275855.731
   0 345067.053
  -5 482554.527
 -10 233733.166
 -15  33017.911
 -20   2111.736
 -25     75.844
 -30      3.992
 -35      0.000
 -40      0.000
 -45      0.000
 -50      0.000
