 150 173092.928
 145 180160.347
 140 183136.373
 135 187486.341
 130 185943.238
 125 192796.946
 120 196464.533
 115 200267.843
 110 203801.221
 105 206800.679
 100 211936.596
  95 213357.522
  90 218056.465
  85 223046.072
  80 224145.467
  75 231105.292
  70 235188.517
  65 236662.965
  60 243270.484
  55 253116.153
  50 254725.577
  45 270187.900
  40 278376.291
  35 290986.771
  30 300714.424
  25 319187.873
  20 337097.848
  15 363734.258
  10 400098.497
   5 467438.971
   0 611450.691
  -5 853921.136
 -10 383450.573
 -15  91867.680
 -20  13326.714
 -25   1192.541
 -30     90.813
 -35      2.997
 -40      3.996
 -45      0.000
 -50      1.998
