 150    768.396
 145    891.152
 140   1091.750
 135   1355.189
 130   1552.770
 125   2068.707
 120   2709.381
 115   3722.265
 110   5332.865
 105   7495.559
 100  11013.126
  95  15681.242
  90  22185.676
  85  30824.255
  80  40064.107
  75  52221.119
  70  63942.616
  65  73028.773
  60  82493.578
  55  91798.672
  50  93195.229
  45 100001.996
  40 102199.194
  35 106041.112
  30 105232.928
  25 111327.323
  20 115379.357
  15 123275.233
  10 133352.046
   5 153783.836
   0 194987.389
  -5 298513.277
 -10  50323.299
 -15    280.693
 -20      0.999
 -25      0.000
 -30      0.000
 -35      0.000
 -40      0.000
 -45      0.000
 -50      0.000
