 150   1869.097
 145   2479.857
 140   3325.147
 135   4644.368
 130   6127.249
 125   8551.256
 120  11916.274
 115  16024.701
 110  21352.437
 105  27557.232
 100  36010.243
  95  43417.301
  90  50788.953
  85  58291.395
  80  63872.847
  75  70717.483
  70  73435.813
  65  75242.907
  60  77977.948
  55  80790.935
  50  79968.305
  45  84300.498
  40  86039.872
  35  89474.904
  30  89709.831
  25  95389.456
  20  97890.681
  15 106290.525
  10 112663.535
   5 128101.291
   0 157762.563
  -5 237396.123
 -10  86918.606
 -15    871.048
 -20      6.992
 -25      0.000
 -30      0.000
 -35      0.000
 -40      0.000
 -45      0.000
 -50      0.000
