 150  96086.563
 145 110803.305
 140 121966.627
 135 132783.607
 130 139118.633
 125 148522.815
 120 154814.759
 115 159165.255
 110 163482.811
 105 163654.708
 100 168138.440
  95 166501.181
  90 170191.767
  85 172088.433
  80 170412.587
  75 174699.907
  70 175807.870
  65 174131.684
  60 177268.636
  55 183329.708
  50 180597.317
  45 191498.407
  40 194088.056
  35 200311.865
  30 205279.067
  25 217222.269
  20 228273.647
  15 245996.062
  10 268384.318
   5 313460.344
   0 415803.012
  -5 630924.958
 -10 163308.647
 -15   4100.518
 -20     41.955
 -25      0.000
 -30      0.000
 -35      0.000
 -40      0.000
 -45      0.000
 -50      0.000
