 150 124162.872
 145 130739.846
 140 133186.370
 135 138184.406
 130 135759.620
 125 140820.937
 120 142492.471
 115 144145.466
 110 146655.929
 105 147178.665
 100 150234.114
  95 147801.391
  90 150175.584
  85 152485.897
  80 151401.901
  75 155187.727
  70 156355.809
  65 154843.656
  60 158204.353
  55 165626.038
  50 162104.173
  45 172007.944
  40 175730.926
  35 184226.325
  30 186823.110
  25 201160.752
  20 212328.993
  15 232512.584
  10 261237.818
   5 318500.930
   0 438343.219
  -5 634325.346
 -10 344102.305
 -15  96454.575
 -20  10636.587
 -25    776.399
 -30     35.926
 -35      0.000
 -40      0.999
 -45      0.999
 -50      0.000
