 150 128191.592
 145 139139.564
 140 145034.085
 135 150805.230
 130 151939.965
 125 157732.705
 120 161105.706
 115 163509.228
 110 166496.522
 105 165933.012
 100 170102.357
  95 168175.663
  90 171705.590
  85 173579.344
  80 171715.892
  75 175991.187
  70 177083.177
  65 175315.094
  60 178390.305
  55 184333.581
  50 181581.303
  45 192481.371
  40 194970.093
  35 201105.013
  30 205824.475
  25 217341.141
  20 227883.458
  15 244910.232
  10 266023.813
   5 308218.973
   0 401686.187
  -5 596469.549
 -10 218518.689
 -15  23984.785
 -20   1488.404
 -25     66.862
 -30      0.998
 -35      0.000
 -40      0.000
 -45      0.000
 -50      0.000
