 150  95314.080
 145 103751.819
 140 108254.887
 135 114098.360
 130 115024.749
 125 122286.378
 120 126246.165
 115 129623.642
 110 134456.390
 105 135474.786
 100 140875.542
  95 142099.449
  90 146445.611
  85 150612.930
  80 152026.609
  75 158576.623
  70 162833.421
  65 164654.603
  60 169512.753
  55 179277.291
  50 178919.751
  45 192365.419
  40 199397.258
  35 211014.371
  30 216724.854
  25 234011.204
  20 248334.210
  15 268401.931
  10 291893.382
   5 334354.903
   0 425282.247
  -5 603496.483
 -10 212999.682
 -15  21174.856
 -20   1211.700
 -25     59.877
 -30      0.998
 -35      0.000
 -40      0.000
 -45      0.000
 -50      0.999
