 150    904.112
 145   1133.649
 140   1513.880
 135   2078.689
 130   2765.246
 125   3969.763
 120   5867.824
 115   8407.529
 110  12161.619
 105  17111.750
 100  24288.577
  95  31748.677
  90  40012.454
  85  49157.294
  80  57081.898
  75  65852.631
  70  70287.381
  65  73424.468
  60  76775.463
  55  79945.714
  50  79265.743
  45  83659.824
  40  85545.413
  35  89081.327
  30  89478.079
  25  95342.507
  20  98102.242
  15 106922.844
  10 114112.959
   5 131078.091
   0 164733.077
  -5 262630.349
 -10  21912.203
 -15     20.977
 -20      0.000
 -25      0.000
 -30      0.000
 -35      0.000
 -40      0.000
 -45      0.000
 -50      0.000
