 150 146937.488
 145 156753.892
 140 162088.773
 135 170704.130
 130 171557.161
 125 179000.574
 120 184655.210
 115 189325.770
 110 192365.033
 105 196070.643
 100 200126.535
  95 202182.788
  90 206583.695
  85 211467.263
  80 213111.286
  75 219600.302
  70 224071.210
  65 226493.047
  60 231471.003
  55 240490.881
  50 241477.695
  45 256771.712
  40 262659.176
  35 273380.663
  30 278895.562
  25 294128.812
  20 305900.644
  15 322501.666
  10 345296.309
   5 381081.718
   0 448002.397
  -5 582202.119
 -10 361132.172
 -15  76163.829
 -20   7570.876
 -25    525.916
 -30     27.942
 -35      0.999
 -40      0.999
 -45      0.000
 -50      0.999
