 150 137810.390
 145 140865.844
 140 140996.406
 135 142313.841
 130 138165.616
 125 143079.254
 120 143940.467
 115 145053.579
 110 146586.075
 105 147196.628
 100 150464.635
  95 148647.691
  90 151305.410
  85 153565.812
  80 152725.164
  75 156751.449
  70 159267.945
  65 157273.988
  60 161591.213
  55 169164.709
  50 168452.178
  45 179884.280
  40 184904.085
  35 194867.712
  30 200242.737
  25 214753.925
  20 228221.983
  15 251380.263
  10 279648.496
   5 334862.358
   0 446414.551
  -5 652945.918
 -10 281604.178
 -15  88529.238
 -20  11738.405
 -25    945.051
 -30     59.877
 -35      2.997
 -40      2.997
 -45      0.000
 -50      0.999
