 150  63487.565
 145  69100.685
 140  74182.037
 135  80410.309
 130  81195.114
 125  93041.938
 120  98857.969
 115 104946.920
 110 113077.650
 105 121699.880
 100 127264.544
  95 132337.826
  90 141670.791
  85 149958.436
  80 150840.063
  75 157506.292
  70 165734.135
  65 167991.314
  60 173707.037
  55 178982.095
  50 180683.142
  45 193137.626
  40 199979.822
  35 206769.137
  30 213628.000
  25 223438.803
  20 227904.642
  15 235572.289
  10 249569.950
   5 265799.531
   0 289477.811
  -5 315680.747
 -10 105793.109
 -15   7155.187
 -20    754.192
 -25    109.774
 -30     21.955
 -35      9.989
 -40     10.988
 -45      3.996
 -50      5.994
