 150     18.960
 145     27.942
 140     41.914
 135     48.899
 130     70.853
 125     74.845
 120     91.810
 115    118.753
 110    169.646
 105    225.535
 100    255.470
  95    306.360
  90    362.244
  85    475.017
  80    589.789
  75    808.305
  70   1104.682
  65   1710.792
  60   2920.930
  55   5539.329
  50   9974.582
  45  19700.221
  40  34235.546
  35  55711.222
  30  77662.736
  25 100152.336
  20 114409.372
  15 124441.976
  10 130576.194
   5 141808.556
   0 166193.508
  -5 233813.690
 -10    843.084
 -15      0.000
 -20      0.000
 -25      0.000
 -30      0.000
 -35      0.000
 -40      0.000
 -45      0.000
 -50      0.000
