 150    497.960
 145    504.953
 140    601.760
 135    717.512
 130    872.185
 125   1131.652
 120   1542.799
 115   2163.504
 110   3246.225
 105   4587.550
 100   6486.534
  95   9768.593
  90  14428.873
  85  20458.671
  80  27528.044
  75  37255.285
  70  46024.992
  65  54549.189
  60  62452.412
  55  69482.739
  50  71337.971
  45  76069.536
  40  78215.432
  35  81839.105
  30  82626.424
  25  86741.753
  20  90025.018
  15  96976.556
  10 102404.686
   5 115671.653
   0 141831.673
  -5 206849.533
 -10  80083.030
 -15    235.742
 -20      0.999
 -25      0.000
 -30      0.000
 -35      0.000
 -40      0.000
 -45      0.000
 -50      0.000
