 150  86824.883
 145  91472.286
 140  95923.206
 135 101093.433
 130 100988.943
 125 111007.659
 120 114325.888
 115 118796.142
 110 123928.873
 105 128238.496
 100 132422.825
  95 133413.565
  90 138799.855
  85 142284.329
  80 140494.457
  75 144320.062
  70 145885.037
  65 144974.148
  60 147544.403
  55 150212.999
  50 147439.192
  45 154801.097
  40 156097.697
  35 158753.657
  30 157925.493
  25 162277.552
  20 162199.112
  15 165596.652
  10 168868.364
   5 175235.797
   0 185821.242
  -5 201080.453
 -10 156426.121
 -15  23264.595
 -20   3339.420
 -25    493.981
 -30     73.848
 -35     32.965
 -40     24.973
 -45     30.967
 -50     17.981
