 150 192683.063
 145 198560.384
 140 199504.821
 135 202804.384
 130 198985.111
 125 204380.910
 120 206448.619
 115 207616.573
 110 210192.329
 105 210708.729
 100 213688.741
  95 212513.509
  90 216163.273
  85 219094.037
  80 218129.907
  75 222685.801
  70 224397.297
  65 223369.298
  60 227648.945
  55 236018.114
  50 233042.961
  45 246713.057
  40 252276.514
  35 262721.837
  30 268503.405
  25 286230.017
  20 301522.436
  15 325737.181
  10 360298.165
   5 425406.114
   0 563088.680
  -5 808181.711
 -10 330997.537
 -15  69379.169
 -20   9861.429
 -25    993.951
 -30     85.823
 -35      5.994
 -40      2.997
 -45      3.996
 -50      0.999
