 150 117202.399
 145 125595.515
 140 129541.016
 135 135069.865
 130 134445.354
 125 140380.850
 120 142774.885
 115 144858.983
 110 146550.150
 105 147489.025
 100 150840.854
  95 150461.880
  90 153469.867
  85 156894.914
  80 155350.735
  75 159583.513
  70 162261.628
  65 160680.656
  60 164430.314
  55 170901.032
  50 169572.884
  45 179565.939
  40 183425.699
  35 191580.243
  30 195648.721
  25 207979.214
  20 218703.752
  15 238306.344
  10 263024.301
   5 311042.940
   0 412153.347
  -5 595771.695
 -10 279256.727
 -15  50930.333
 -20   4200.493
 -25    270.442
 -30     10.977
 -35      1.998
 -40      0.999
 -45      0.000
 -50      0.000
