 150  23089.812
 145  29869.052
 140  36376.991
 135  44692.308
 130  53052.650
 125  64103.050
 120  75177.083
 115  86095.094
 110  95682.311
 105 105320.934
 100 114134.058
  95 117799.036
  90 123674.891
  85 129412.727
  80 129290.627
  75 135297.417
  70 138000.337
  65 137242.235
  60 141435.400
  55 147869.664
  50 146388.343
  45 155474.168
  40 158263.019
  35 165543.372
  30 166588.085
  25 177232.475
  20 184568.651
  15 199138.528
  10 214885.065
   5 242808.224
   0 297704.266
  -5 428189.263
 -10 243823.208
 -15  19374.823
 -20    613.342
 -25      9.979
 -30      0.000
 -35      0.000
 -40      0.000
 -45      0.000
 -50      0.000
