 150     52.890
 145     63.868
 140    104.784
 135     89.814
 130    129.730
 125    153.681
 120    188.609
 115    258.463
 110    299.375
 105    380.216
 100    447.072
  95    555.839
  90    714.508
  85    943.048
  80   1179.577
  75   1776.275
  70   2672.393
  65   4452.447
  60   7756.881
  55  13951.604
  50  23709.467
  45  39279.691
  40  59422.991
  35  82719.242
  30 101051.359
  25 120239.742
  20 129139.777
  15 140156.052
  10 147332.996
   5 161448.443
   0 192041.747
  -5 279184.506
 -10  12402.531
 -15      6.992
 -20      0.000
 -25      0.000
 -30      0.000
 -35      0.000
 -40      0.000
 -45      0.000
 -50      0.000
