 150    291.392
 145    353.267
 140    442.089
 135    506.949
 130    651.644
 125    731.482
 120    967.991
 115   1328.240
 110   2012.799
 105   2816.199
 100   4128.429
  95   6199.050
  90   9402.368
  85  13925.189
  80  19813.007
  75  26958.764
  70  35403.149
  65  43463.090
  60  51529.252
  55  57739.458
  50  60638.872
  45  65192.052
  40  65660.168
  35  67617.379
  30  68320.760
  25  70161.576
  20  70939.658
  15  73065.309
  10  75435.002
   5  81062.857
   0  93391.697
  -5 126278.019
 -10  58816.126
 -15     79.913
 -20      0.000
 -25      0.000
 -30      0.000
 -35      0.000
 -40      0.000
 -45      0.000
 -50      0.000
