 150 129864.103
 145 141400.876
 140 148636.660
 135 156397.631
 130 158077.199
 125 166639.224
 120 171794.526
 115 175223.885
 110 179394.603
 105 181137.675
 100 185364.627
  95 184968.381
  90 188664.992
  85 191681.835
  80 191323.343
  75 197233.429
  70 200300.166
  65 199802.798
  60 204650.736
  55 212486.953
  50 211833.377
  45 224107.873
  40 229363.535
  35 239587.683
  30 244834.110
  25 260463.741
  20 275045.456
  15 297395.705
  10 329143.096
   5 392392.570
   0 523346.403
  -5 736345.002
 -10 450277.998
 -15 104221.086
 -20  10598.638
 -25    691.575
 -30     32.932
 -35      1.998
 -40      0.000
 -45      0.000
 -50      0.000
