 150    212.556
 145    211.561
 140    239.506
 135    261.458
 130    364.242
 125    370.232
 120    403.164
 115    530.897
 110    595.756
 105    712.532
 100    956.014
  95   1159.578
  90   1601.656
  85   2313.216
  80   3420.922
  75   5526.477
  70   8974.280
  65  14566.674
  60  23152.888
  55  35790.625
  50  48435.852
  45  65312.802
  40  78632.976
  35  89852.498
  30  93376.780
  25  99211.348
  20 101968.212
  15 106294.521
  10 110475.913
   5 121649.349
   0 146900.082
  -5 202183.483
 -10  65239.085
 -15     57.937
 -20      0.999
 -25      0.000
 -30      0.000
 -35      0.000
 -40      0.000
 -45      0.000
 -50      0.000
