 150  12878.111
 145  16898.952
 140  21452.786
 135  26067.935
 130  31132.214
 125  37270.663
 120  43057.655
 115  48988.203
 110  53531.280
 105  57853.821
 100  61574.172
  95  63277.813
  90  65542.148
  85  67073.225
  80  67141.085
  75  68350.421
  70  69238.568
  65  69307.059
  60  69980.670
  55  72588.202
  50  71602.430
  45  73773.289
  40  74574.416
  35  76648.679
  30  77031.422
  25  81084.834
  20  84448.600
  15  89726.365
  10  97082.471
   5 109167.645
   0 131723.529
  -5 181931.970
 -10  77076.295
 -15   2708.040
 -20     41.955
 -25      0.998
 -30      0.000
 -35      0.000
 -40      0.000
 -45      0.000
 -50      0.000
