 150  92067.946
 145 103005.470
 140 112185.785
 135 120439.209
 130 125312.350
 125 133824.315
 120 139809.894
 115 144155.445
 110 148157.795
 105 150453.914
 100 154692.395
  95 155213.896
  90 158674.941
  85 162355.599
  80 162532.882
  75 167606.852
  70 169780.593
  65 169928.437
  60 174113.193
  55 182348.785
  50 180688.131
  45 192544.241
  40 195710.284
  35 205280.529
  30 208413.663
  25 222613.468
  20 232939.951
  15 250368.353
  10 271680.833
   5 309794.281
   0 393131.384
  -5 570373.264
 -10 323731.428
 -15  53961.021
 -20   3893.826
 -25    172.644
 -30      1.996
 -35      3.996
 -40      0.000
 -45      0.000
 -50      0.000
