 150  97478.660
 145 113064.504
 140 128706.607
 135 145646.076
 130 158521.276
 125 175455.929
 120 189339.499
 115 200502.556
 110 210590.759
 105 217884.989
 100 225792.867
  95 229751.535
  90 235949.674
  85 243405.151
  80 246612.006
  75 253591.682
  70 260369.620
  65 265441.915
  60 272756.213
  55 282914.071
  50 286645.237
  45 302147.648
  40 310851.550
  35 327176.939
  30 339592.523
  25 361420.473
  20 381997.591
  15 415155.877
  10 468015.540
   5 565025.163
   0 765986.564
  -5 1073685.672
 -10 452004.575
 -15  55039.896
 -20   3456.291
 -25    145.700
 -30     12.973
 -35      2.997
 -40      0.999
 -45      0.000
 -50      0.000
