 150 156236.092
 145 165072.804
 140 170749.086
 135 176478.983
 130 175656.634
 125 182069.206
 120 185796.472
 115 189010.237
 110 191172.024
 105 191888.518
 100 197131.164
  95 195069.160
  90 198862.587
  85 202305.822
  80 200482.402
  75 205332.365
  70 208138.619
  65 208072.707
  60 212361.712
  55 219599.887
  50 217465.847
  45 229550.601
  40 235001.378
  35 245427.411
  30 250971.445
  25 267888.752
  20 282274.434
  15 307450.875
  10 342288.201
   5 411542.004
   0 555939.365
  -5 803193.009
 -10 415410.864
 -15 102789.651
 -20  12476.625
 -25    996.945
 -30     41.914
 -35      6.992
 -40      0.000
 -45      0.000
 -50      1.998
