 150 149356.293
 145 155565.357
 140 157808.756
 135 161928.161
 130 160127.934
 125 166274.147
 120 169734.970
 115 172775.972
 110 176259.147
 105 178038.064
 100 184105.796
  95 183558.344
  90 188413.520
  85 194165.689
  80 193867.083
  75 200287.198
  70 204745.986
  65 205293.345
  60 211991.482
  55 221859.102
  50 221408.776
  45 235486.073
  40 242492.199
  35 254407.766
  30 260765.070
  25 277056.887
  20 290499.632
  15 311297.732
  10 332247.163
   5 365409.550
   0 421587.215
  -5 517023.404
 -10 622110.388
 -15 205114.810
 -20  28001.954
 -25   2656.522
 -30    199.589
 -35      7.991
 -40      1.998
 -45      2.997
 -50      0.000
