 150    521.910
 145    597.760
 140    676.606
 135    803.334
 130    953.018
 125   1156.600
 120   1588.705
 115   1923.004
 110   2699.366
 105   3830.106
 100   5700.166
  95   8585.066
  90  13039.773
  85  19463.710
  80  28609.237
  75  41238.523
  70  55223.142
  65  68915.222
  60  84148.140
  55  98884.650
  50 103982.149
  45 112938.218
  40 116391.668
  35 120047.189
  30 119499.343
  25 125230.377
  20 127593.987
  15 134914.697
  10 143039.659
   5 161299.603
   0 200045.152
  -5 313922.614
 -10  18587.814
 -15     50.944
 -20      0.000
 -25      0.000
 -30      0.000
 -35      0.000
 -40      0.000
 -45      0.000
 -50      0.000
