 150 104405.495
 145 114562.220
 140 123589.910
 135 127641.145
 130 137060.599
 125 143007.401
 120 148317.834
 115 150410.747
 110 156038.879
 105 155502.111
 100 163450.983
  95 172638.430
  90 173894.864
  85 178021.292
  80 182340.825
  75 192235.918
  70 191789.421
  65 194215.198
  60 199788.832
  55 201587.875
  50 209687.479
  45 209539.587
  40 218639.667
  35 226145.247
  30 233172.101
  25 242731.875
  20 251113.688
  15 267426.616
  10 273763.356
   5 282966.679
   0 312783.133
  -5 351420.223
 -10 160460.307
 -15  20777.664
 -20   2713.078
 -25    408.562
 -30     74.846
 -35     24.948
 -40     16.982
 -45     16.982
 -50      5.994
