 150 147225.763
 145 148074.597
 140 147857.674
 135 152996.532
 130 154564.279
 125 154335.439
 120 154208.634
 115 158890.303
 110 158733.929
 105 159267.158
 100 162276.255
  95 168594.829
  90 169067.860
  85 169452.184
  80 174061.822
  75 176540.678
  70 175337.525
  65 177724.222
  60 181411.293
  55 186800.707
  50 193118.892
  45 197329.238
  40 205297.392
  35 217372.083
  30 226182.576
  25 241851.465
  20 257073.316
  15 282567.452
  10 319090.838
   5 379561.453
   0 484627.571
  -5 655087.126
 -10 368993.546
 -15 209970.282
 -20  53662.206
 -25  13210.838
 -30   1956.965
 -35    299.379
 -40     48.947
 -45      7.991
 -50      2.997
