 150    437.533
 145    511.456
 140    587.786
 135    626.700
 130    839.259
 125    931.054
 120   1101.718
 115   1449.991
 110   1721.399
 105   2107.635
 100   2994.757
  95   4078.529
  90   5948.680
  85   8457.341
  80  12760.522
  75  19166.230
  70  27573.839
  65  40331.313
  60  55887.871
  55  75498.661
  50  96627.305
  45 117230.319
  40 136522.307
  35 156229.386
  30 171162.522
  25 185877.004
  20 199945.912
  15 218313.363
  10 237586.708
   5 264582.515
   0 309230.649
  -5 410899.872
 -10 288490.604
 -15   6247.284
 -20     49.946
 -25      0.000
 -30      0.000
 -35      0.000
 -40      0.000
 -45      0.000
 -50      0.000
