 150 148745.289
 145 150668.839
 140 151719.004
 135 158263.761
 130 160628.695
 125 162308.613
 120 163517.192
 115 170420.378
 110 171843.332
 105 173549.752
 100 178493.513
  95 187581.206
  90 188907.583
  85 190006.077
  80 197476.434
  75 201944.964
  70 201314.273
  65 205630.522
  60 211660.345
  55 218884.000
  50 226754.032
  45 235885.906
  40 246598.568
  35 261819.318
  30 274240.049
  25 292658.977
  20 312325.612
  15 344129.748
  10 383475.047
   5 456263.236
   0 596233.261
  -5 837069.151
 -10 462949.644
 -15 245593.741
 -20  62114.103
 -25  13163.888
 -30   1877.129
 -35    268.443
 -40     33.963
 -45     10.988
 -50      3.996
