 150   1803.074
 145   2074.794
 140   2503.832
 135   3295.163
 130   4027.643
 125   5140.267
 120   6925.650
 115   9420.565
 110  12645.558
 105  17105.591
 100  23809.215
  95  32723.002
  90  43942.950
  85  56930.503
  80  74096.398
  75  91831.358
  70 109436.139
  65 128143.103
  60 146302.471
  55 162146.411
  50 176111.217
  45 186607.068
  40 195318.129
  35 206054.092
  30 214911.917
  25 224346.910
  20 234643.879
  15 251209.314
  10 273426.394
   5 313930.269
   0 421046.112
  -5 783711.510
 -10 380511.852
 -15  31589.042
 -20   1266.636
 -25     26.971
 -30      3.992
 -35      1.996
 -40      0.000
 -45      0.000
 -50      0.000
