 150 233568.549
 145 236213.905
 140 237546.704
 135 244500.661
 130 246830.826
 125 249157.759
 120 250335.555
 115 257553.319
 110 258717.281
 105 260364.046
 100 267320.492
  95 275457.874
  90 276260.864
  85 279521.359
  80 287070.616
  75 289856.258
  70 292450.750
  65 296960.105
  60 303305.830
  55 310211.417
  50 319963.436
  45 327572.390
  40 339722.058
  35 355566.134
  30 370799.075
  25 390472.427
  20 412315.034
  15 444990.225
  10 490266.958
   5 564270.153
   0 702741.148
  -5 929653.622
 -10 777622.943
 -15 497087.631
 -20 236637.142
 -25  78690.644
 -30  21216.252
 -35   4585.490
 -40    855.078
 -45    144.844
 -50     27.970
