 150 190764.264
 145 192528.342
 140 192854.947
 135 198628.845
 130 200639.673
 125 202075.067
 120 201755.165
 115 207390.457
 110 207746.809
 105 208572.255
 100 212920.407
  95 220626.758
  90 220233.896
  85 221531.442
  80 225765.762
  75 229007.580
  70 227976.405
  65 229886.216
  60 232849.125
  55 238241.123
  50 243665.906
  45 249583.098
  40 256353.298
  35 267750.663
  30 277535.225
  25 291557.269
  20 307928.740
  15 332694.614
  10 370013.100
   5 434788.863
   0 553230.171
  -5 759092.975
 -10 473267.604
 -15 259853.657
 -20  63774.315
 -25  12213.907
 -30   1761.368
 -35    213.557
 -40     26.971
 -45      3.996
 -50      0.000
