 150  15768.191
 145  19429.366
 140  23354.842
 135  28048.799
 130  32601.385
 125  37202.210
 120  41628.745
 115  47016.394
 110  50349.668
 105  53630.984
 100  56354.855
  95  59808.717
  90  61058.487
  85  61667.177
  80  62831.687
  75  63526.183
  70  63400.444
  65  63518.263
  60  64430.016
  55  65141.376
  50  65896.265
  45  65979.949
  40  67443.919
  35  69483.933
  30  70220.433
  25  73269.526
  20  75620.013
  15  80705.011
  10  88261.420
   5 103542.174
   0 140663.365
  -5 234821.567
 -10 153334.932
 -15  43879.829
 -20   2377.439
 -25     91.901
 -30      1.996
 -35      0.000
 -40      0.000
 -45      0.000
 -50      0.000
