 150 112731.715
 145 119459.015
 140 123481.258
 135 132598.990
 130 136677.394
 125 138679.022
 120 140160.587
 115 145616.845
 110 144823.884
 105 145627.551
 100 148784.717
  95 154949.016
  90 154255.383
  85 153687.946
  80 156792.812
  75 159197.665
  70 157601.976
  65 158917.405
  60 159908.110
  55 163442.262
  50 168383.268
  45 172537.643
  40 177914.294
  35 186507.406
  30 195843.408
  25 208066.015
  20 224228.502
  15 253525.999
  10 295125.898
   5 371018.300
   0 509492.767
  -5 732311.765
 -10 453780.455
 -15 167494.776
 -20  24184.953
 -25   2464.358
 -30    151.687
 -35     10.977
 -40      0.000
 -45      0.000
 -50      0.999
