 150 148649.391
 145 150926.565
 140 151655.831
 135 158088.125
 130 161253.399
 125 162092.065
 120 163246.753
 115 169593.094
 110 170730.661
 105 172416.925
 100 178604.393
  95 185766.976
  90 186529.511
  85 188209.020
  80 195146.072
  75 199946.311
  70 200395.180
  65 204188.513
  60 210907.320
  55 217797.111
  50 226857.816
  45 233909.719
  40 243909.230
  35 258499.471
  30 271327.809
  25 287652.395
  20 307866.868
  15 339689.287
  10 384236.704
   5 460211.971
   0 594112.547
  -5 809340.150
 -10 411766.821
 -15 228214.441
 -20  61632.683
 -25  14595.354
 -30   2394.061
 -35    380.211
 -40     56.939
 -45     10.988
 -50      1.998
