 150 152198.604
 145 152092.326
 140 151220.729
 135 157691.947
 130 159174.712
 125 159715.036
 120 158798.969
 115 163878.951
 110 164222.283
 105 164413.500
 100 168594.244
  95 175008.333
  90 176317.670
  85 177287.823
  80 183222.813
  75 187505.114
  70 187161.640
  65 190074.785
  60 194975.156
  55 202494.002
  50 210101.619
  45 217432.481
  40 228112.245
  35 244808.305
  30 258976.401
  25 280889.469
  20 310060.315
  15 353706.549
  10 418634.861
   5 519305.150
   0 687645.718
  -5 930767.494
 -10 597442.334
 -15 352374.845
 -20 239107.720
 -25  71729.106
 -30  24828.778
 -35   6352.818
 -40   1387.503
 -45    267.712
 -50     43.953
