 150 142556.892
 145 142442.584
 140 142019.015
 135 147151.807
 130 148463.937
 125 148015.500
 120 147470.441
 115 151699.224
 110 152260.319
 105 151132.156
 100 154966.017
  95 160919.609
  90 162408.490
  85 161947.691
  80 166161.381
  75 168927.475
  70 169027.268
  65 171165.004
  60 174438.134
  55 181418.565
  50 187517.526
  45 194431.804
  40 203328.483
  35 217642.703
  30 230794.026
  25 250715.262
  20 274269.616
  15 316434.192
  10 375098.821
   5 471728.533
   0 628600.369
  -5 875985.316
 -10 488130.700
 -15 327492.618
 -20 126584.668
 -25  35288.171
 -30   7434.670
 -35   1397.101
 -40    206.777
 -45     30.967
 -50      3.996
