 150 102834.173
 145 111424.556
 140 118470.477
 135 122137.565
 130 130649.901
 125 135754.545
 120 140245.551
 115 143178.761
 110 145778.323
 105 145999.780
 100 152809.507
  95 160010.658
  90 160001.637
  85 164579.358
  80 169280.911
  75 177502.505
  70 176868.352
  65 178644.491
  60 182550.137
  55 184388.890
  50 191835.558
  45 191135.040
  40 198923.637
  35 207710.724
  30 213916.978
  25 221895.236
  20 229882.763
  15 245296.092
  10 251035.313
   5 260824.570
   0 288532.251
  -5 324416.253
 -10 166575.764
 -15  25817.246
 -20   4381.281
 -25    886.050
 -30    155.679
 -35     59.876
 -40     47.948
 -45     51.944
 -50     27.970
