 150    518.447
 145    612.349
 140    706.543
 135    877.180
 130   1048.825
 125   1272.341
 120   1674.530
 115   2275.277
 110   3078.557
 105   4421.847
 100   6322.147
  95   9356.557
  90  13393.249
  85  19268.748
  80  27366.188
  75  37412.369
  70  48225.931
  65  60660.191
  60  74656.983
  55  87493.838
  50  99040.491
  45 108335.612
  40 115311.383
  35 122567.105
  30 126203.506
  25 131383.591
  20 136150.216
  15 145661.877
  10 157021.687
   5 180769.769
   0 237740.716
  -5 439954.049
 -10 101866.003
 -15   2108.733
 -20     21.976
 -25      0.000
 -30      0.000
 -35      0.000
 -40      0.000
 -45      0.000
 -50      0.000
