 150 184199.459
 145 185694.607
 140 185412.124
 135 190766.351
 130 192172.243
 125 192076.368
 120 191426.365
 115 195766.784
 110 195990.791
 105 195949.189
 100 199510.730
  95 205807.332
  90 205264.692
  85 204352.312
  80 209657.960
  75 211581.181
  70 209316.668
  65 212262.767
  60 215178.517
  55 220548.377
  50 226165.255
  45 232589.424
  40 240159.068
  35 253559.514
  30 264884.160
  25 281295.624
  20 303947.006
  15 337793.069
  10 388254.341
   5 474919.087
   0 618957.764
  -5 824468.871
 -10 490450.708
 -15 297392.006
 -20  86841.558
 -25  23236.091
 -30   4290.149
 -35    741.461
 -40    100.891
 -45     12.986
 -50      5.994
