 150 229999.361
 145 232285.081
 140 233372.320
 135 239964.075
 130 242863.059
 125 243976.577
 120 245328.924
 115 250966.993
 110 251636.081
 105 253963.296
 100 259491.970
  95 268061.237
  90 269965.901
  85 272397.235
  80 278678.022
  75 282644.231
  70 283856.565
  65 288225.221
  60 294928.985
  55 301488.683
  50 311647.708
  45 321689.362
  40 333727.514
  35 352024.335
  30 370845.978
  25 395228.529
  20 425617.418
  15 470026.888
  10 534360.239
   5 633097.887
   0 802186.046
  -5 1139467.073
 -10 1083591.557
 -15 789741.028
 -20 576796.790
 -25 265137.772
 -30 103559.460
 -35  35916.509
 -40  10079.135
 -45   2736.056
 -50    399.572
