 150 159377.785
 145 160723.151
 140 161807.867
 135 167269.915
 130 169418.457
 125 170129.429
 120 169916.104
 115 175848.115
 110 175530.790
 105 176263.957
 100 181431.510
  95 187678.192
  90 188761.076
  85 189582.152
  80 195207.944
  75 198578.949
  70 198615.271
  65 201929.995
  60 205704.249
  55 211454.329
  50 219082.965
  45 224881.142
  40 233800.163
  35 247108.628
  30 259813.925
  25 278536.088
  20 301428.235
  15 337332.473
  10 390965.608
   5 484108.647
   0 648462.957
  -5 931467.741
 -10 826836.112
 -15 490925.255
 -20 235595.264
 -25  65589.688
 -30  14978.115
 -35   2655.493
 -40    408.559
 -45     56.939
 -50      6.993
