 150 223518.282
 145 226456.277
 140 228861.630
 135 236214.854
 130 238909.263
 125 241630.476
 120 242954.841
 115 250431.105
 110 251005.399
 105 254391.410
 100 260697.664
  95 268131.092
  90 272273.122
  85 274048.786
  80 282113.896
  75 286522.180
  70 288968.967
  65 293218.864
  60 299613.392
  55 308085.868
  50 316992.606
  45 325206.205
  40 336421.915
  35 353161.024
  30 367316.288
  25 387962.650
  20 409841.170
  15 445001.191
  10 496644.329
   5 585428.323
   0 749124.193
  -5 1021638.738
 -10 684206.899
 -15 419553.979
 -20 151034.336
 -25  43923.914
 -30   9283.857
 -35   1673.529
 -40    209.774
 -45     32.965
 -50      4.995
