 150   8759.662
 145  11620.659
 140  14261.593
 135  18118.404
 130  22231.891
 125  26923.703
 120  31923.854
 115  37540.067
 110  42000.136
 105  46965.781
 100  51973.609
  95  56323.959
  90  58952.850
  85  60620.364
  80  62246.900
  75  63981.239
  70  63333.583
  65  63752.777
  60  65118.595
  55  65696.220
  50  66551.905
  45  68088.601
  40  68955.779
  35  70502.835
  30  72019.703
  25  74303.375
  20  78418.204
  15  83363.907
  10  91427.677
   5 106437.048
   0 141187.800
  -5 235358.989
 -10  89748.969
 -15   4854.781
 -20    130.859
 -25      3.996
 -30      0.000
 -35      0.000
 -40      0.000
 -45      0.000
 -50      0.000
