 150 144974.312
 145 146368.410
 140 146292.905
 135 150290.298
 130 151993.613
 125 153313.422
 120 152436.152
 115 158065.015
 110 157630.080
 105 158990.730
 100 162052.335
  95 168409.046
  90 169565.660
  85 170566.856
  80 175257.341
  75 179130.483
  70 179314.922
  65 180980.646
  60 187080.427
  55 191809.269
  50 200766.009
  45 206851.162
  40 217951.481
  35 232295.743
  30 246214.843
  25 264812.924
  20 290169.608
  15 329896.147
  10 385463.927
   5 474071.003
   0 615350.652
  -5 824913.393
 -10 560110.242
 -15 309483.995
 -20 133797.034
 -25  34827.665
 -30   7660.197
 -35   1293.316
 -40    249.731
 -45     38.958
 -50      4.995
