 150  28989.098
 145  33587.330
 140  38017.608
 135  43896.914
 130  48726.940
 125  52898.389
 120  57342.187
 115  61643.029
 110  64921.185
 105  66893.530
 100  70056.988
  95  73575.111
  90  74652.320
  85  74754.837
  80  77317.643
  75  78847.392
  70  78291.545
  65  79992.096
  60  81505.772
  55  83472.211
  50  85723.125
  45  87462.652
  40  90599.824
  35  94124.198
  30  98915.947
  25 104024.525
  20 111090.376
  15 122343.098
  10 136633.578
   5 161231.870
   0 212664.747
  -5 349917.838
 -10 223343.023
 -15  70486.227
 -20   5547.026
 -25    333.642
 -30      9.979
 -35      3.992
 -40      0.000
 -45      0.000
 -50      0.000
