 150 208740.274
 145 212053.587
 140 213904.288
 135 222503.528
 130 227520.894
 125 230534.951
 120 232695.854
 115 241178.554
 110 242960.484
 105 246847.778
 100 253937.731
  95 265787.693
  90 268720.212
  85 272215.614
  80 281193.523
  75 287367.001
  70 290748.696
  65 296596.858
  60 302923.674
  55 312188.399
  50 321437.375
  45 331260.248
  40 344416.170
  35 359957.207
  30 375229.524
  25 394459.131
  20 413934.672
  15 444671.198
  10 482234.165
   5 540411.356
   0 644712.999
  -5 836725.683
 -10 612802.914
 -15 379401.764
 -20 189847.724
 -25  59994.686
 -30  17354.198
 -35   3939.825
 -40    810.126
 -45    169.817
 -50     33.964
