 150 152036.777
 145 153143.209
 140 152530.330
 135 158244.800
 130 159874.261
 125 160260.894
 120 160264.931
 115 165733.104
 110 164888.888
 105 165945.493
 100 169906.821
  95 176078.110
  90 177354.521
  85 176842.576
  80 183331.770
  75 186542.923
  70 185490.108
  65 187597.922
  60 192729.399
  55 198777.164
  50 206491.118
  45 214402.903
  40 225475.462
  35 240389.164
  30 253861.253
  25 272199.553
  20 294731.138
  15 332377.581
  10 388001.121
   5 487991.969
   0 668645.200
  -5 944296.881
 -10 513457.600
 -15 283606.839
 -20  71515.977
 -25  16868.917
 -30   2569.701
 -35    277.424
 -40     37.959
 -45      4.995
 -50      0.999
