 150    367.608
 145    403.571
 140    440.093
 135    509.942
 130    660.629
 125    738.456
 120    975.978
 115   1236.433
 110   1570.712
 105   2248.346
 100   3255.471
  95   4774.079
  90   7183.124
  85  10446.178
  80  15712.412
  75  22400.519
  70  30368.984
  65  41151.651
  60  53226.247
  55  65111.503
  50  77220.767
  45  87644.277
  40  95074.530
  35 102040.898
  30 105430.653
  25 110834.243
  20 113635.094
  15 123319.123
  10 133195.158
   5 155446.118
   0 210635.724
  -5 402818.970
 -10 147953.690
 -15   2268.561
 -20     14.984
 -25      0.999
 -30      0.000
 -35      0.000
 -40      0.000
 -45      0.000
 -50      0.000
