 150 204328.777
 145 205322.742
 140 206759.249
 135 212545.967
 130 214134.671
 125 214798.501
 120 214037.728
 115 220693.840
 110 221286.511
 105 222401.629
 100 227156.989
  95 235852.135
  90 237347.453
  85 238155.731
  80 245671.477
  75 249945.114
  70 251420.805
  65 255399.302
  60 261165.134
  55 268178.434
  50 277624.374
  45 287005.943
  40 300106.379
  35 318652.180
  30 336952.172
  25 365566.257
  20 400855.823
  15 457684.520
  10 542407.470
   5 675184.476
   0 886948.756
  -5 1188828.010
 -10 736735.693
 -15 546008.041
 -20 369267.299
 -25 143439.233
 -30  55349.869
 -35  17983.702
 -40   4696.937
 -45   1153.759
 -50    148.841
