 150    209.776
 145    251.732
 140    280.422
 135    332.310
 130    419.131
 125    450.059
 120    555.848
 115    657.635
 110    861.198
 105   1086.750
 100   1432.447
  95   2170.490
  90   2904.981
  85   4396.815
  80   6862.753
  75  10620.962
  70  16268.243
  65  24030.161
  60  34893.016
  55  48665.678
  50  65155.802
  45  79924.196
  40  94240.169
  35 107201.558
  30 113839.125
  25 120367.515
  20 125478.381
  15 133287.606
  10 142236.197
   5 159030.247
   0 202940.230
  -5 349608.171
 -10  64112.400
 -15    317.659
 -20      0.999
 -25      0.000
 -30      0.000
 -35      0.000
 -40      0.000
 -45      0.000
 -50      0.000
