 150    235.748
 145    258.725
 140    301.378
 135    353.267
 130    451.064
 125    506.940
 120    578.801
 115    735.474
 110    919.076
 105   1078.767
 100   1567.301
  95   2171.488
  90   3126.522
  85   4565.463
  80   7048.382
  75  11054.063
  70  16486.790
  65  24798.568
  60  35915.905
  55  49791.587
  50  66483.913
  45  83183.640
  40  99228.803
  35 113940.877
  30 122377.556
  25 129875.729
  20 135206.312
  15 144092.661
  10 152158.807
   5 170217.165
   0 218257.718
  -5 382074.270
 -10 220566.993
 -15   3292.457
 -20     16.982
 -25      0.000
 -30      0.000
 -35      0.000
 -40      0.000
 -45      0.000
 -50      0.000
