 150 218576.560
 145 221585.455
 140 222884.965
 135 229406.981
 130 230916.848
 125 233326.814
 120 233896.600
 115 241411.829
 110 242811.524
 105 245655.493
 100 250970.199
  95 260902.106
  90 262609.136
  85 264892.904
  80 271877.127
  75 276669.634
  70 279283.046
  65 283411.205
  60 291935.117
  55 301025.652
  50 310745.581
  45 321297.160
  40 335371.099
  35 355102.077
  30 374736.920
  25 402661.062
  20 438910.821
  15 497085.387
  10 584858.805
   5 717925.359
   0 932153.071
  -5 1245192.418
 -10 905772.823
 -15 631287.366
 -20 385660.643
 -25 149060.207
 -30  53135.435
 -35  15242.387
 -40   3642.074
 -45    741.202
 -50     97.895
