 150  61175.787
 145  65160.799
 140  67275.278
 135  71286.081
 130  73706.133
 125  75511.106
 120  75949.632
 115  78376.291
 110  79021.687
 105  79438.562
 100  81255.837
  95  85049.268
  90  84208.520
  85  84552.370
  80  86553.488
  75  87984.432
  70  86855.774
  65  88552.342
  60  89893.460
  55  92300.830
  50  94624.654
  45  96881.231
  40 100790.658
  35 104259.330
  30 108580.912
  25 115677.276
  20 122800.067
  15 137324.435
  10 154341.092
   5 186533.544
   0 260630.041
  -5 438923.158
 -10 214503.481
 -15  84668.981
 -20   8682.649
 -25    719.229
 -30     41.914
 -35      1.996
 -40      0.000
 -45      0.000
 -50      0.000
