 150  45631.311
 145  51447.363
 140  57328.788
 135  64447.272
 130  70618.467
 125  75553.019
 120  79925.395
 115  85100.332
 110  88337.110
 105  90401.868
 100  94215.870
  95  98320.690
  90  98602.794
  85  98423.394
  80 101127.262
  75 102687.923
  70 101492.403
  65 102302.824
  60 103785.993
  55 106113.178
  50 109442.906
  45 111837.391
  40 116638.741
  35 123823.048
  30 131094.503
  25 141605.178
  20 158099.785
  15 189453.546
  10 243096.991
   5 353241.499
   0 583108.826
  -5 1078736.358
 -10 424108.204
 -15 116290.987
 -20  14710.157
 -25   1324.581
 -30     99.794
 -35      5.988
 -40      0.000
 -45      0.000
 -50      0.000
