 150    207.778
 145    263.720
 140    323.333
 135    377.217
 130    443.081
 125    489.976
 120    660.631
 115    798.343
 110    970.968
 105   1247.418
 100   1716.140
  95   2623.548
  90   3597.546
  85   5493.524
  80   8898.527
  75  13673.627
  70  20292.892
  65  29365.097
  60  41325.745
  55  55097.287
  50  69952.848
  45  83692.426
  40  95123.334
  35 104676.727
  30 110078.916
  25 114342.054
  20 117977.960
  15 124948.033
  10 132770.333
   5 150174.811
   0 190017.161
  -5 326481.033
 -10  68898.279
 -15    316.660
 -20      0.999
 -25      0.000
 -30      0.000
 -35      0.000
 -40      0.000
 -45      0.000
 -50      0.000
