 150 206230.746
 145 206917.047
 140 206591.595
 135 211412.319
 130 213157.698
 125 212362.587
 120 211948.056
 115 216681.170
 110 215024.599
 105 216158.552
 100 220735.943
  95 226822.889
  90 227364.129
  85 228491.909
  80 233268.202
  75 237001.984
  70 236206.344
  65 239894.459
  60 243656.990
  55 250787.850
  50 259400.226
  45 267119.412
  40 279545.105
  35 297787.598
  30 318633.111
  25 348104.594
  20 389692.997
  15 456809.189
  10 553940.970
   5 704314.045
   0 955741.666
  -5 1340256.225
 -10 885658.346
 -15 718983.093
 -20 364221.733
 -25 137997.067
 -30  43802.679
 -35  11571.002
 -40   2673.118
 -45    450.515
 -50     65.929
