 150 172183.280
 145 171748.431
 140 172533.064
 135 179009.734
 130 180611.232
 125 182360.684
 120 181622.678
 115 187913.080
 110 188537.391
 105 189136.487
 100 193700.029
  95 201623.027
  90 202644.121
  85 203795.272
  80 208947.643
  75 214194.546
  70 214214.505
  65 218356.129
  60 224487.882
  55 232254.961
  50 240620.232
  45 250455.068
  40 262177.196
  35 279929.265
  30 295668.670
  25 317987.268
  20 343747.380
  15 385400.913
  10 441140.610
   5 532451.952
   0 699345.106
  -5 1060998.427
 -10 845981.799
 -15 590174.972
 -20 398902.382
 -25 146197.277
 -30  50866.114
 -35  14202.530
 -40   3173.576
 -45    743.200
 -50     75.919
