 150 207977.880
 145 208873.967
 140 211897.643
 135 217851.957
 130 220047.402
 125 221597.305
 120 223289.344
 115 229416.713
 110 230768.463
 105 233031.625
 100 238331.887
  95 246247.298
  90 248747.595
  85 250530.137
  80 257358.496
  75 262214.642
  70 263618.519
  65 267050.869
  60 272224.944
  55 280066.901
  50 286596.739
  45 293710.006
  40 302294.831
  35 317000.538
  30 327746.238
  25 346172.269
  20 365579.058
  15 393926.313
  10 434405.899
   5 500176.310
   0 625166.071
  -5 856817.921
 -10 682604.613
 -15 450734.460
 -20 222876.962
 -25  70707.202
 -30  18492.849
 -35   3742.239
 -40    585.369
 -45    105.886
 -50      3.996
