 150    143.847
 145    163.826
 140    172.644
 135    231.520
 130    292.394
 125    296.381
 120    406.158
 115    542.873
 110    594.755
 105    653.647
 100    904.020
  95   1283.333
  90   1748.377
  85   2524.726
  80   3942.815
  75   6264.002
  70   9934.386
  65  15775.282
  60  24084.314
  55  36255.516
  50  51822.468
  45  67324.178
  40  83801.860
  35  99621.076
  30 110024.030
  25 116862.808
  20 121559.521
  15 128755.425
  10 135467.032
   5 150381.588
   0 186100.384
  -5 320191.794
 -10  30693.158
 -15     83.910
 -20      0.999
 -25      0.000
 -30      0.000
 -35      0.000
 -40      0.000
 -45      0.000
 -50      0.000
