 150 186308.023
 145 186655.585
 140 187158.704
 135 192004.590
 130 193826.809
 125 194622.628
 120 194013.199
 115 199536.762
 110 199750.521
 105 199998.004
 100 205566.372
  95 213287.003
  90 213692.443
  85 215731.553
  80 221817.950
  75 226510.764
  70 227114.192
  65 231394.089
  60 236919.788
  55 245852.186
  50 255958.374
  45 265621.460
  40 282031.938
  35 305096.738
  30 329654.286
  25 370686.601
  20 423140.560
  15 501746.176
  10 602124.660
   5 733462.594
   0 920383.747
  -5 1242096.746
 -10 893123.358
 -15 602602.203
 -20 484108.615
 -25 222942.006
 -30  86633.362
 -35  33195.153
 -40   9866.364
 -45   2874.907
 -50    482.484
