 150      0.000
 145      0.000
 140      0.000
 135      0.000
 130      0.000
 125      0.000
 120      0.000
 115      0.000
 110      0.000
 105      0.000
 100      0.000
  95      0.000
  90      0.000
  85      0.000
  80      0.000
  75      0.000
  70      0.000
  65      0.000
  60      0.000
  55      0.000
  50      0.000
  45      0.000
  40      0.000
  35      0.000
  30      1.996
  25      3.992
  20     18.961
  15     85.739
  10    489.493
   5   2895.875
   0  17286.365
  -5  92376.695
 -10      6.993
 -15      0.000
 -20      0.000
 -25      0.000
 -30      0.000
 -35      0.000
 -40      0.000
 -45      0.000
 -50      0.000
