 150  11885.318
 145  15159.885
 140  19455.882
 135  25386.323
 130  31911.815
 125  39103.274
 120  46337.988
 115  55904.941
 110  64676.632
 105  73767.302
 100  83182.830
  95  93348.023
  90  98549.805
  85 101943.041
  80 108204.368
  75 110919.841
  70 110879.924
  65 112122.458
  60 114391.011
  55 116147.182
  50 119430.182
  45 120923.655
  40 124925.405
  35 130988.866
  30 135524.194
  25 142953.514
  20 152912.401
  15 171561.908
  10 196917.887
   5 248861.230
   0 371041.018
  -5 678423.695
 -10 258814.069
 -15  25288.815
 -20   1212.694
 -25     31.966
 -30      0.000
 -35      0.000
 -40      0.000
 -45      0.000
 -50      0.000
