 150 183263.275
 145 186013.268
 140 187451.101
 135 193910.635
 130 195950.403
 125 196808.065
 120 198552.797
 115 204078.333
 110 207050.265
 105 209144.072
 100 214416.787
  95 223226.359
  90 224507.046
  85 228672.532
  80 235762.030
  75 241728.172
  70 244536.077
  65 250424.619
  60 259248.060
  55 270087.437
  50 282599.042
  45 297035.533
  40 317107.052
  35 343084.509
  30 374545.317
  25 418404.301
  20 472803.460
  15 548844.573
  10 653683.961
   5 807934.239
   0 1109489.080
  -5 1584248.932
 -10 1164903.553
 -15 774939.940
 -20 653221.480
 -25 463870.731
 -30 225369.289
 -35  97554.672
 -40  42680.990
 -45  16486.261
 -50   3884.843
