 150 131766.405
 145 133032.586
 140 133555.475
 135 139282.129
 130 139986.528
 125 140642.916
 120 139959.005
 115 144370.431
 110 144124.348
 105 144039.838
 100 146680.998
  95 152115.903
  90 151928.205
  85 150677.235
  80 154744.061
  75 155930.444
  70 155248.859
  65 156207.027
  60 158458.101
  55 162646.929
  50 166900.348
  45 172376.972
  40 179043.947
  35 191115.977
  30 200757.232
  25 215758.008
  20 236226.594
  15 271740.463
  10 326769.530
   5 433418.908
   0 623810.532
  -5 875811.503
 -10 549007.562
 -15 182543.583
 -20  24704.393
 -25   2527.291
 -30    205.576
 -35     13.971
 -40      3.996
 -45      8.990
 -50      0.000
