 150 129598.718
 145 130740.023
 140 131791.115
 135 136836.202
 130 138678.243
 125 139394.526
 120 139804.325
 115 144422.324
 110 144516.527
 105 145940.902
 100 148548.973
  95 155278.332
  90 155263.294
  85 155206.773
  80 159479.240
  75 161543.797
  70 161007.909
  65 162808.336
  60 164333.979
  55 169390.788
  50 174507.548
  45 179517.348
  40 186767.896
  35 197515.883
  30 204397.692
  25 218034.271
  20 233679.881
  15 258387.177
  10 291627.662
   5 352878.891
   0 471865.329
  -5 692711.335
 -10 545351.474
 -15 274873.236
 -20  67549.249
 -25  12549.547
 -30   1458.992
 -35    160.667
 -40     14.984
 -45      4.995
 -50      0.000
