 150  35350.281
 145  40958.502
 140  46673.759
 135  54800.289
 130  61742.884
 125  67948.919
 120  73313.095
 115  80886.080
 110  84881.343
 105  88103.625
 100  92671.544
  95  98032.289
  90  98937.101
  85  99791.535
  80 102399.623
  75 103578.075
  70 102900.482
  65 103734.854
  60 105567.320
  55 108077.092
  50 110250.231
  45 112481.064
  40 116849.304
  35 122605.555
  30 127614.710
  25 135536.812
  20 146250.384
  15 164909.356
  10 189041.320
   5 232921.445
   0 329269.718
  -5 624478.685
 -10 325607.600
 -15  81025.897
 -20   8593.745
 -25    562.398
 -30     48.899
 -35      0.000
 -40      0.999
 -45      0.000
 -50      0.000
