 150 156576.932
 145 156724.402
 140 157001.791
 135 163041.851
 130 164877.878
 125 165215.534
 120 166180.674
 115 170746.701
 110 171070.949
 105 173112.484
 100 176915.224
  95 184261.105
  90 184323.083
  85 185954.727
  80 190626.450
  75 193930.788
  70 195579.173
  65 198201.929
  60 202917.786
  55 209267.886
  50 216061.241
  45 221780.572
  40 231259.667
  35 245955.972
  30 257339.792
  25 275487.710
  20 299257.741
  15 337750.200
  10 394206.028
   5 485095.097
   0 631434.314
  -5 843666.215
 -10 569137.592
 -15 338474.801
 -20 144590.421
 -25  38293.949
 -30   8843.755
 -35   1655.565
 -40    243.737
 -45     32.965
 -50     12.986
