 150     75.919
 145    110.882
 140     98.796
 135    145.698
 130    163.660
 125    215.549
 120    232.518
 115    344.285
 110    340.288
 105    459.050
 100    608.341
  95    879.173
  90   1209.495
  85   1781.279
  80   2831.128
  75   4411.845
  70   7118.230
  65  11479.192
  60  18718.403
  55  28909.839
  50  42303.221
  45  57515.403
  40  74441.385
  35  90613.427
  30 103218.235
  25 111504.847
  20 118703.571
  15 128015.808
  10 136790.097
   5 158168.178
   0 223227.138
  -5 481210.698
 -10  27563.507
 -15     18.980
 -20      0.000
 -25      0.000
 -30      0.000
 -35      0.000
 -40      0.000
 -45      0.000
 -50      0.000
