 150 219242.069
 145 220642.457
 140 221544.511
 135 229475.069
 130 232261.058
 125 233654.429
 120 236374.233
 115 244608.437
 110 245678.794
 105 248893.541
 100 257971.359
  95 269414.157
  90 274288.674
  85 280328.674
  80 293061.897
  75 305001.427
  70 314083.277
  65 329246.143
  60 351291.987
  55 379870.350
  50 419854.961
  45 471425.050
  40 545885.100
  35 659945.331
  30 831653.813
  25 1108096.052
  20 1535056.223
  15 2176509.822
  10 3103825.529
   5 4281620.849
   0 5556491.103
  -5 6491737.890
 -10 6765276.919
 -15 6110133.496
 -20 4802069.973
 -25 3392666.062
 -30 2183807.804
 -35 1334563.780
 -40 731441.774
 -45 359223.476
 -50 104671.107
