 150  47012.884
 145  52679.055
 140  57084.292
 135  62990.295
 130  67111.810
 125  70327.944
 120  72238.322
 115  75323.628
 110  76598.755
 105  77608.351
 100  79563.673
  95  83549.384
  90  82778.483
  85  83355.870
  80  85339.007
  75  86856.772
  70  85883.791
  65  87644.226
  60  89109.079
  55  91575.340
  50  94074.795
  45  96467.085
  40 100622.008
  35 104369.104
  30 109034.971
  25 116771.997
  20 125219.045
  15 141793.812
  10 162335.494
   5 202860.910
   0 294480.550
  -5 512456.110
 -10 228173.854
 -15  19720.800
 -20    626.325
 -25      9.989
 -30      0.000
 -35      0.000
 -40      0.000
 -45      0.000
 -50      0.000
