 150 198926.546
 145 199990.410
 140 200780.388
 135 207877.654
 130 209946.361
 125 211871.189
 120 212432.053
 115 218210.214
 110 220381.961
 105 221898.448
 100 227158.987
  95 235465.937
  90 236912.355
  85 238733.524
  80 245429.733
  75 250909.363
  70 252103.390
  65 255548.736
  60 260953.436
  55 268377.701
  50 277002.665
  45 285019.700
  40 296833.181
  35 313961.716
  30 329699.193
  25 352816.436
  20 378271.708
  15 424757.913
  10 492486.128
   5 603507.815
   0 793669.424
  -5 1088006.305
 -10 644575.948
 -15 435102.265
 -20 172884.803
 -25  54335.752
 -30  13206.768
 -35   2709.381
 -40    494.466
 -45     57.938
 -50      4.995
