 150  51686.850
 145  58012.391
 140  64127.769
 135  72589.377
 130  78150.837
 125  83664.058
 120  87111.505
 115  93057.812
 110  94452.311
 105  96245.771
 100  98708.001
  95 103863.172
  90 103273.121
  85 103155.508
  80 105162.892
  75 106089.864
  70 105183.744
  65 106297.539
  60 106604.182
  55 109603.914
  50 112491.580
  45 114849.181
  40 118945.949
  35 125280.048
  30 132127.364
  25 141582.226
  20 157171.712
  15 183064.021
  10 223843.234
   5 307796.580
   0 478841.330
  -5 816939.790
 -10 300589.369
 -15  55274.580
 -20   4512.140
 -25    200.785
 -30      8.981
 -35      0.000
 -40      0.000
 -45      0.000
 -50      0.999
