 150 204879.394
 145 203858.299
 140 204432.846
 135 210492.439
 130 210457.301
 125 210291.281
 120 208631.715
 115 214159.619
 110 213201.769
 105 213837.143
 100 217202.552
  95 223418.736
  90 223058.822
  85 223064.242
  80 229038.745
  75 233006.744
  70 232180.226
  65 234629.379
  60 239056.305
  55 246345.616
  50 253402.683
  45 261066.076
  40 271574.409
  35 289305.841
  30 304706.648
  25 327502.467
  20 360124.382
  15 410503.375
  10 483904.027
   5 599557.478
   0 783805.058
  -5 1053777.136
 -10 784449.424
 -15 498164.974
 -20 280625.047
 -25  90054.462
 -30  27042.212
 -35   6342.839
 -40   1196.709
 -45    238.743
 -50     30.967
