 150 212261.305
 145 214297.202
 140 215723.746
 135 222087.169
 130 223651.922
 125 225208.764
 120 225592.797
 115 233135.012
 110 234256.404
 105 236124.223
 100 241055.936
  95 250377.965
  90 251851.416
  85 254102.434
  80 261088.502
  75 265242.357
  70 267702.054
  65 270990.965
  60 277125.447
  55 285614.922
  50 296070.062
  45 305873.547
  40 320711.561
  35 339378.044
  30 359473.530
  25 385728.299
  20 422151.613
  15 476689.573
  10 552370.803
   5 670060.005
   0 867914.256
  -5 1200199.785
 -10 855415.705
 -15 663025.248
 -20 485858.730
 -25 221276.791
 -30  89949.524
 -35  33492.536
 -40  10273.925
 -45   3089.676
 -50    447.521
