 150 191311.870
 145 192160.733
 140 191694.152
 135 198971.333
 130 200512.936
 125 201799.038
 120 201508.474
 115 207493.451
 110 207372.968
 105 208095.035
 100 215154.772
  95 221762.178
  90 222559.856
  85 223516.298
  80 230973.730
  75 234871.876
  70 234775.840
  65 238402.553
  60 243966.186
  55 252648.481
  50 260322.311
  45 269816.147
  40 282686.186
  35 301010.047
  30 318119.856
  25 343661.840
  20 374091.386
  15 424941.354
  10 495330.867
   5 603330.403
   0 771439.388
  -5 1068445.353
 -10 813374.503
 -15 564811.263
 -20 345089.684
 -25 124588.441
 -30  41104.202
 -35  10722.750
 -40   2588.207
 -45    476.487
 -50     58.937
