 150  29017.068
 145  34363.506
 140  39943.636
 135  47203.054
 130  53786.447
 125  60193.136
 120  65568.143
 115  72418.659
 110  76328.321
 105  79625.176
 100  84728.070
  95  89406.214
  90  90458.570
  85  90954.995
  80  93688.690
  75  94728.438
  70  94082.778
  65  93529.021
  60  95818.231
  55  97196.637
  50  99014.545
  45 101829.029
  40 104399.163
  35 108465.669
  30 112210.388
  25 118966.431
  20 126403.586
  15 142010.153
  10 162985.494
   5 200650.298
   0 289254.184
  -5 511189.471
 -10 378712.777
 -15 110876.807
 -20   9573.689
 -25    591.366
 -30     19.959
 -35      3.992
 -40      0.000
 -45      0.000
 -50      0.000
