 150 199249.202
 145 200085.309
 140 199950.103
 135 205523.539
 130 207568.296
 125 208874.452
 120 208388.428
 115 213126.762
 110 213631.084
 105 214745.263
 100 219366.426
  95 226169.246
  90 227211.445
  85 228924.007
  80 234644.113
  75 238732.630
  70 238470.650
  65 241664.546
  60 246884.418
  55 255425.693
  50 263190.354
  45 272062.082
  40 284189.454
  35 301558.931
  30 320009.261
  25 348114.226
  20 384329.133
  15 444065.046
  10 529916.916
   5 664034.507
   0 865620.861
  -5 1163315.273
 -10 956436.569
 -15 590937.742
 -20 356724.807
 -25 119580.809
 -30  37983.678
 -35   9189.940
 -40   1791.067
 -45    363.608
 -50     30.967
