 150 151846.979
 145 152937.428
 140 151621.205
 135 156737.926
 130 157038.146
 125 158556.458
 120 156846.015
 115 162338.148
 110 162048.832
 105 162294.051
 100 166343.683
  95 173606.246
  90 172781.996
  85 174237.019
  80 179030.690
  75 183068.134
  70 182496.320
  65 186395.416
  60 190583.826
  55 196849.207
  50 205880.386
  45 213391.973
  40 225418.580
  35 244058.656
  30 262590.176
  25 292719.850
  20 332463.805
  15 396896.861
  10 485859.012
   5 620409.957
   0 837294.397
  -5 1270968.709
 -10 1392886.611
 -15 791327.532
 -20 553159.247
 -25 219188.030
 -30  69859.949
 -35  19665.195
 -40   4031.650
 -45    738.206
 -50     90.903
