 150  39815.517
 145  45730.434
 140  51868.048
 135  59949.605
 130  66203.627
 125  72693.997
 120  77529.359
 115  83992.631
 110  87352.172
 105  89659.405
 100  93690.440
  95  98150.044
  90  98458.093
  85  98401.439
  80 100239.104
  75 101891.575
  70  99869.770
  65 100243.096
  60 101560.582
  55 103938.704
  50 105072.974
  45 108509.254
  40 111328.770
  35 117195.694
  30 122261.796
  25 130206.909
  20 141185.898
  15 160718.131
  10 190134.955
   5 245412.954
   0 363055.263
  -5 624204.980
 -10 284836.225
 -15  75208.151
 -20   7346.088
 -25    537.424
 -30     18.961
 -35      2.994
 -40      0.000
 -45      0.000
 -50      0.000
