 150 182091.526
 145 185080.260
 140 186331.226
 135 192376.818
 130 194645.111
 125 197362.512
 120 198481.944
 115 204068.558
 110 205657.764
 105 207342.593
 100 212688.658
  95 221268.425
  90 222563.072
  85 223511.308
  80 230299.129
  75 234242.946
  70 234755.352
  65 240004.990
  60 244538.251
  55 250833.263
  50 259002.053
  45 265086.284
  40 274420.754
  35 286498.548
  30 298656.482
  25 314223.786
  20 331345.128
  15 355925.782
  10 385595.138
   5 433004.788
   0 514719.133
  -5 655772.389
 -10 535466.586
 -15 289338.961
 -20 104258.713
 -25  26673.406
 -30   5420.822
 -35    883.168
 -40    141.847
 -45     18.980
 -50      2.997
