 150  83901.477
 145  86188.468
 140  87823.907
 135  92782.476
 130  94631.639
 125  95745.796
 120  95766.572
 115  99141.183
 110  99291.184
 105  99259.533
 100 101076.433
  95 105034.738
  90 104941.666
  85 105248.137
  80 107839.341
  75 108853.130
  70 109237.333
  65 109788.299
  60 112400.231
  55 114421.888
  50 118791.508
  45 123162.040
  40 128932.208
  35 138942.917
  30 148067.353
  25 160731.357
  20 180153.002
  15 211508.323
  10 259907.265
   5 349384.665
   0 551002.468
  -5 1096794.945
 -10 994544.837
 -15 462260.070
 -20 130844.081
 -25  22849.528
 -30   3012.788
 -35    338.298
 -40     15.983
 -45      4.995
 -50      0.999
