 150   5847.760
 145   7411.122
 140   9491.429
 135  12968.091
 130  16893.962
 125  21562.933
 120  27643.722
 115  35923.423
 110  44030.843
 105  53346.573
 100  64199.408
  95  76872.259
  90  86183.428
  85  93859.927
  80 102351.518
  75 109661.452
  70 111763.092
  65 114936.621
  60 117261.090
  55 120868.352
  50 124032.632
  45 126713.716
  40 129478.943
  35 136650.277
  30 140473.938
  25 147782.465
  20 158592.603
  15 177379.171
  10 203660.134
   5 261651.416
   0 400064.730
  -5 760937.992
 -10 283319.848
 -15  24010.189
 -20   1137.775
 -25     32.965
 -30      1.996
 -35      0.000
 -40      0.000
 -45      0.000
 -50      0.000
