 150   1028.902
 145   1208.715
 140   1457.994
 135   1860.140
 130   2521.770
 125   3402.888
 120   4551.569
 115   6469.569
 110   8789.603
 105  12025.108
 100  16478.138
  95  23133.928
  90  30379.055
  85  39378.738
  80  50073.048
  75  61632.113
  70  71773.071
  65  82345.216
  60  91407.426
  55 100844.043
  50 108662.525
  45 114310.292
  40 119649.369
  35 125888.307
  30 130957.656
  25 137044.810
  20 144712.432
  15 156603.516
  10 173805.028
   5 207064.370
   0 294223.827
  -5 621249.157
 -10 228037.000
 -15  12303.773
 -20    331.643
 -25      7.991
 -30      0.000
 -35      0.000
 -40      0.000
 -45      0.000
 -50      0.000
