 150     38.958
 145     67.928
 140     82.829
 135    116.758
 130    125.739
 125    133.721
 120    172.642
 115    245.490
 110    257.461
 105    336.304
 100    426.538
  95    524.909
  90    658.635
  85    904.111
  80   1332.234
  75   1969.912
  70   3096.575
  65   5108.405
  60   8686.081
  55  14889.999
  50  24001.198
  45  36978.750
  40  53624.568
  35  73672.193
  30  91177.081
  25 106313.761
  20 116399.239
  15 126845.249
  10 135422.171
   5 149406.641
   0 183310.391
  -5 312724.821
 -10  25898.289
 -15     43.953
 -20      2.997
 -25      0.000
 -30      0.000
 -35      0.000
 -40      0.000
 -45      0.000
 -50      0.000
