 150 188780.383
 145 190096.927
 140 191143.289
 135 196263.753
 130 199010.054
 125 199836.342
 120 198840.202
 115 205505.576
 110 204780.599
 105 206272.809
 100 211231.237
  95 218278.635
  90 220895.525
  85 220812.943
  80 226672.654
  75 231294.065
  70 230581.006
  65 234423.571
  60 239499.631
  55 247839.502
  50 256132.014
  45 264237.013
  40 276269.911
  35 292035.292
  30 309328.381
  25 335487.515
  20 369368.192
  15 426494.618
  10 506979.517
   5 631272.857
   0 813465.085
  -5 1088169.130
 -10 1047177.567
 -15 610179.058
 -20 354928.742
 -25 114821.911
 -30  33030.890
 -35   7565.310
 -40   1330.564
 -45    207.776
 -50      9.989
