 150 181932.878
 145 183994.414
 140 184328.730
 135 192526.700
 130 194534.341
 125 197017.037
 120 197610.551
 115 204520.620
 110 206326.159
 105 208769.846
 100 215193.730
  95 223830.879
  90 226291.125
  85 228273.137
  80 235747.061
  75 241004.915
  70 242217.399
  65 246386.993
  60 253311.419
  55 261111.449
  50 272274.486
  45 281635.211
  40 294679.656
  35 312660.297
  30 329225.175
  25 351982.524
  20 378938.324
  15 421430.060
  10 479174.580
   5 573803.292
   0 747373.332
  -5 1099584.946
 -10 872443.485
 -15 603843.265
 -20 333595.717
 -25 112121.805
 -30  33554.810
 -35   8362.648
 -40   1791.067
 -45    235.746
 -50     33.964
