 150 166970.842
 145 168326.069
 140 168468.450
 135 175114.812
 130 176502.757
 125 178870.981
 120 179536.999
 115 185795.474
 110 187137.322
 105 188514.774
 100 194166.523
  95 203005.155
  90 204263.765
  85 205089.568
  80 212000.311
  75 216702.343
  70 215991.817
  65 220293.112
  60 225515.761
  55 232537.369
  50 240338.816
  45 248468.137
  40 259135.516
  35 274868.619
  30 288066.414
  25 306226.742
  20 331196.436
  15 369835.372
  10 421879.876
   5 508265.074
   0 653263.782
  -5 903600.629
 -10 610718.531
 -15 402087.354
 -20 269138.138
 -25  87566.129
 -30  30029.080
 -35   7575.281
 -40   1748.114
 -45    369.602
 -50     47.949
