 150 171024.346
 145 172156.997
 140 171274.319
 135 176235.312
 130 177462.765
 125 177338.363
 120 176362.753
 115 180569.319
 110 180196.030
 105 180220.763
 100 183452.321
  95 189684.026
  90 189832.856
  85 189284.773
  80 194174.089
  75 196602.051
  70 195034.693
  65 198019.110
  60 201214.498
  55 205895.913
  50 211141.459
  45 217975.202
  40 224941.571
  35 238165.809
  30 248466.426
  25 263440.517
  20 282193.167
  15 314336.588
  10 361244.091
   5 440260.958
   0 583448.043
  -5 804102.785
 -10 367657.974
 -15 241820.043
 -20  64204.851
 -25  18518.149
 -30   3012.788
 -35    488.986
 -40     51.944
 -45      9.989
 -50      3.996
