 150   2901.904
 145   3837.924
 140   5035.617
 135   6840.805
 130   9347.604
 125  12598.656
 120  16209.414
 115  21377.620
 110  28297.773
 105  35616.274
 100  44904.324
  95  56548.492
  90  65862.599
  85  74632.094
  80  85049.607
  75  93472.046
  70  96428.910
  65 100727.092
  60 104530.458
  55 106442.493
  50 109257.291
  45 111212.679
  40 113645.957
  35 118957.067
  30 122098.135
  25 128164.162
  20 134519.737
  15 148786.499
  10 165892.549
   5 199290.766
   0 275103.164
  -5 512377.195
 -10 167285.005
 -15   7614.814
 -20    152.835
 -25      4.995
 -30      0.000
 -35      0.000
 -40      0.000
 -45      0.000
 -50      0.000
