 150  60210.815
 145  64669.321
 140  68460.834
 135  74244.942
 130  77732.782
 125  80479.717
 120  82439.186
 115  86110.235
 110  86507.027
 105  87576.716
 100  89058.372
  95  92927.896
  90  92518.302
  85  92488.791
  80  94531.941
  75  95663.498
  70  95739.341
  65  95527.875
  60  97451.859
  55  99525.787
  50 102404.511
  45 104475.571
  40 107987.710
  35 113485.334
  30 118803.720
  25 125453.930
  20 135117.496
  15 152011.668
  10 174090.324
   5 215955.768
   0 307739.257
  -5 527190.270
 -10 360441.328
 -15 143244.013
 -20  16463.269
 -25   1633.249
 -30     97.798
 -35      4.990
 -40      0.000
 -45      0.000
 -50      0.000
