 150 168815.873
 145 169715.592
 140 169674.622
 135 174680.712
 130 176423.920
 125 177281.305
 120 175828.683
 115 181959.434
 110 181878.329
 105 182270.518
 100 186293.058
  95 192958.033
  90 192413.320
  85 193533.901
  80 198932.216
  75 202643.717
  70 202080.683
  65 205672.435
  60 210555.046
  55 215211.499
  50 223951.852
  45 231021.637
  40 241911.405
  35 257271.966
  30 272603.166
  25 293633.948
  20 321977.575
  15 373233.013
  10 449892.680
   5 582557.838
   0 783380.516
  -5 1063195.002
 -10 601152.368
 -15 370426.421
 -20 132825.080
 -25  38421.812
 -30   8189.106
 -35   1397.101
 -40    227.754
 -45     29.968
 -50      1.998
