 150    165.823
 145    208.778
 140    231.522
 135    295.387
 130    315.346
 125    394.176
 120    442.084
 115    607.739
 110    724.484
 105    841.259
 100   1104.802
  95   1433.022
  90   2082.685
  85   2869.007
  80   4330.020
  75   6829.828
  70  10816.556
  65  17202.322
  60  26959.383
  55  40414.251
  50  57322.940
  45  76709.898
  40  96150.200
  35 115138.427
  30 127041.896
  25 135753.497
  20 141539.165
  15 148834.205
  10 154612.258
   5 165068.726
   0 191417.652
  -5 268645.206
 -10 152266.075
 -15    791.149
 -20      0.000
 -25      0.000
 -30      0.000
 -35      0.000
 -40      0.000
 -45      0.000
 -50      0.000
