 150 243331.122
 145 245091.468
 140 247109.965
 135 252316.443
 130 255483.871
 125 256579.262
 120 257572.310
 115 263211.994
 110 264699.513
 105 266090.193
 100 271777.665
  95 280033.091
  90 282100.488
  85 283739.431
  80 290774.225
  75 295174.218
  70 295662.092
  65 299904.698
  60 305520.323
  55 312133.139
  50 321114.046
  45 330938.210
  40 343010.225
  35 361069.945
  30 377595.999
  25 400604.941
  20 426358.879
  15 466582.855
  10 521739.087
   5 607948.024
   0 751751.612
  -5 988634.218
 -10 1009477.859
 -15 683860.850
 -20 568938.254
 -25 302263.973
 -30 127387.200
 -35  52578.951
 -40  16605.100
 -45   4848.783
 -50    905.032
