 150 212652.887
 145 213427.127
 140 213775.767
 135 219877.754
 130 221880.598
 125 221637.221
 120 221553.163
 115 227636.427
 110 227851.790
 105 230048.799
 100 233308.327
  95 242487.354
  90 241680.480
  85 241897.917
  80 248161.313
  75 252827.131
  70 252904.728
  65 255294.519
  60 261348.758
  55 267714.406
  50 276787.113
  45 282863.373
  40 295091.799
  35 310591.567
  30 325562.760
  25 348105.592
  20 376327.744
  15 423499.749
  10 491453.307
   5 598424.300
   0 774839.498
  -5 1031523.113
 -10 734479.107
 -15 458315.311
 -20 227987.458
 -25  73161.571
 -30  20469.791
 -35   4523.618
 -40    858.075
 -45    135.854
 -50      7.991
