 150 267032.809
 145 270693.253
 140 274108.241
 135 282129.581
 130 285798.967
 125 289754.992
 120 293225.437
 115 300649.760
 110 303464.456
 105 307946.551
 100 315509.303
  95 326210.135
  90 330199.826
  85 332849.349
  80 343080.794
  75 349136.193
  70 353305.597
  65 359548.936
  60 366811.003
  55 376458.214
  50 386476.289
  45 396141.456
  40 409403.260
  35 428485.888
  30 444065.341
  25 468428.731
  20 492850.842
  15 533123.041
  10 587061.026
   5 670457.576
   0 813132.443
  -5 1045182.429
 -10 939841.370
 -15 645470.120
 -20 454564.434
 -25 207757.284
 -30  83998.711
 -35  29531.751
 -40   8941.361
 -45   2478.333
 -50    476.490
