 150     41.955
 145     59.936
 140     68.858
 135    102.787
 130    123.743
 125    139.708
 120    168.651
 115    202.580
 110    253.469
 105    316.345
 100    394.572
  95    479.005
  90    648.656
  85    865.193
  80   1159.595
  75   1679.515
  70   2619.564
  65   4281.121
  60   7150.249
  55  12099.627
  50  19903.660
  45  31935.596
  40  48052.148
  35  68806.222
  30  90048.510
  25 111322.338
  20 127524.260
  15 141582.316
  10 149839.942
   5 163383.546
   0 195788.940
  -5 321136.778
 -10 237237.156
 -15   1500.386
 -20      1.998
 -25      0.000
 -30      0.000
 -35      0.000
 -40      0.000
 -45      0.000
 -50      0.000
