 150 368459.591
 145 370898.655
 140 374336.839
 135 377057.663
 130 379434.487
 125 383279.312
 120 386418.568
 115 390415.593
 110 393471.824
 105 395966.162
 100 400055.540
  95 404287.647
  90 405826.736
  85 410329.561
  80 415429.553
  75 418726.561
  70 425249.803
  65 431988.488
  60 436118.829
  55 442082.088
  50 449159.459
  45 461333.376
  40 468262.229
  35 479989.023
  30 494010.001
  25 514518.859
  20 537609.460
  15 569642.700
  10 622105.973
   5 704716.021
   0 834865.520
  -5 1026081.594
 -10 942105.552
 -15 742846.593
 -20 414577.751
 -25 176313.972
 -30  56409.949
 -35  14665.908
 -40   2905.870
 -45    494.973
 -50     48.899
