 150   9419.958
 145  11627.500
 140  14431.472
 135  18705.891
 130  24145.044
 125  32060.475
 120  42072.699
 115  56279.601
 110  74881.722
 105  98191.449
 100 126667.439
  95 159708.390
  90 195961.342
  85 234432.937
  80 272924.683
  75 308595.664
  70 339983.435
  65 366308.642
  60 384701.132
  55 395460.067
  50 405874.655
  45 416224.478
  40 420520.103
  35 428540.350
  30 434686.809
  25 445096.979
  20 455167.527
  15 471360.869
  10 493726.442
   5 537083.024
   0 621987.364
  -5 838601.677
 -10 570035.876
 -15 106778.541
 -20   8757.828
 -25    369.233
 -30     11.975
 -35      0.000
 -40      0.000
 -45      0.998
 -50      0.000
