 150 377204.900
 145 379624.663
 140 381196.451
 135 382953.325
 130 383260.378
 125 386587.830
 120 389380.425
 115 391805.086
 110 395815.932
 105 397530.317
 100 399361.294
  95 401606.494
  90 403414.926
  85 405083.674
  80 409686.816
  75 411246.076
  70 415352.912
  65 419084.238
  60 424471.258
  55 427371.857
  50 433796.066
  45 444152.095
  40 449761.993
  35 459446.648
  30 471333.798
  25 486551.406
  20 507072.824
  15 535763.897
  10 580565.712
   5 653251.795
   0 774824.838
  -5 965813.313
 -10 823594.454
 -15 609091.136
 -20 261437.778
 -25  92807.332
 -30  22766.759
 -35   4888.636
 -40    757.185
 -45    113.764
 -50     18.961
