 150 378518.499
 145 381341.820
 140 384592.794
 135 386814.175
 130 388280.598
 125 392860.814
 120 394972.826
 115 397780.627
 110 402545.291
 105 405914.944
 100 408412.464
  95 410328.820
  90 413072.534
  85 417461.220
  80 421125.796
  75 422519.694
  70 429244.878
  65 436158.843
  60 440579.811
  55 445437.936
  50 451721.141
  45 463311.990
  40 470965.102
  35 485544.495
  30 499747.028
  25 522519.771
  20 549517.202
  15 589781.972
  10 653824.852
   5 750847.586
   0 904756.387
  -5 1115149.798
 -10 899912.680
 -15 748346.182
 -20 393465.559
 -25 180653.962
 -30  62172.929
 -35  17957.929
 -40   4254.418
 -45    903.126
 -50    119.754
