 150   2478.358
 145   2970.806
 140   3628.096
 135   4245.436
 130   5099.518
 125   6143.253
 120   7912.581
 115   9986.169
 110  13677.455
 105  18252.163
 100  25595.204
  95  36829.887
  90  51443.698
  85  73215.342
  80 102877.661
  75 137135.444
  70 178509.914
  65 225556.422
  60 268841.413
  55 307365.504
  50 340934.790
  45 365862.868
  40 383597.569
  35 397717.339
  30 409422.535
  25 420814.389
  20 435668.987
  15 450230.672
  10 471411.478
   5 504261.406
   0 562274.555
  -5 722924.978
 -10 321033.067
 -15  25358.407
 -20    694.559
 -25     14.969
 -30      0.000
 -35      0.000
 -40      0.000
 -45      0.000
 -50      0.000
