 150 397242.539
 145 398664.233
 140 402722.268
 135 406233.299
 130 408731.023
 125 412868.298
 120 419456.048
 115 421400.380
 110 427384.049
 105 430956.059
 100 436858.572
  95 441355.281
  90 446395.678
  85 454326.147
  80 462101.684
  75 468115.129
  70 476963.147
  65 490920.322
  60 499808.892
  55 513606.414
  50 529816.269
  45 554847.990
  40 577510.553
  35 610379.463
  30 648670.873
  25 701390.614
  20 766526.458
  15 849134.593
  10 968664.676
   5 1165879.182
   0 1537291.948
  -5 2078087.110
 -10 2156072.554
 -15 1946312.402
 -20 1762370.843
 -25 1444825.542
 -30 993665.145
 -35 616646.709
 -40 352554.299
 -45 184215.752
 -50  85311.429
