 150 373825.875
 145 376291.863
 140 380815.861
 135 384967.160
 130 386978.385
 125 392709.735
 120 397823.913
 115 399680.267
 110 405094.568
 105 407692.853
 100 412718.787
  95 416448.731
  90 420232.250
  85 425206.375
  80 431745.877
  75 434372.112
  70 439968.027
  65 449027.167
  60 454037.132
  55 460927.885
  50 467571.555
  45 480193.950
  40 490193.809
  35 503500.237
  30 520593.521
  25 540366.200
  20 568104.184
  15 603750.030
  10 660037.682
   5 753126.882
   0 899924.581
  -5 1107198.384
 -10 919225.799
 -15 734455.006
 -20 380755.931
 -25 165917.555
 -30  53216.576
 -35  14020.277
 -40   3011.756
 -45    563.830
 -50    103.786
