 150 376647.494
 145 376931.552
 140 381099.556
 135 384343.830
 130 384893.624
 125 388335.204
 120 391993.007
 115 393057.475
 110 396927.612
 105 399610.008
 100 402035.390
  95 404489.432
  90 407580.443
  85 410802.458
  80 416779.185
  75 420246.409
  70 426675.249
  65 433227.919
  60 438788.921
  55 446396.463
  50 453089.211
  45 468592.577
  40 476637.361
  35 496283.212
  30 515744.158
  25 546932.116
  20 588731.382
  15 646776.878
  10 736530.800
   5 874714.058
   0 1079474.644
  -5 1367464.469
 -10 1226698.641
 -15 976616.521
 -20 686592.008
 -25 337571.202
 -30 149526.732
 -35  53295.015
 -40  15979.790
 -45   3981.738
 -50    908.131
