 150 363084.951
 145 366428.822
 140 370675.782
 135 375832.980
 130 376513.624
 125 382477.359
 120 387119.115
 115 388445.092
 110 394944.750
 105 398682.929
 100 403296.021
  95 406856.918
  90 410094.738
  85 416133.663
  80 420925.630
  75 425524.462
  70 432364.358
  65 442124.476
  60 445936.277
  55 454523.751
  50 459600.172
  45 471456.470
  40 479964.474
  35 494174.588
  30 506349.754
  25 524578.500
  20 544965.197
  15 568750.549
  10 605283.694
   5 663581.659
   0 748993.581
  -5 893579.992
 -10 1027798.568
 -15 769671.931
 -20 532792.987
 -25 239840.092
 -30  90416.386
 -35  27114.517
 -40   6853.619
 -45   1390.116
 -50    271.441
