 150    654.303
 145    758.185
 140    912.019
 135   1159.753
 130   1360.537
 125   1660.554
 120   2011.825
 115   2524.733
 110   3140.446
 105   3847.025
 100   4920.656
  95   6526.069
  90   8757.586
  85  12557.338
  80  18785.227
  75  28522.815
  70  43857.338
  65  67264.561
  60 100054.089
  55 142225.534
  50 193010.549
  45 248451.672
  40 297955.933
  35 340553.012
  30 369453.950
  25 392782.583
  20 409621.036
  15 425748.424
  10 443345.378
   5 472439.710
   0 518557.551
  -5 649031.121
 -10 188095.583
 -15   3456.831
 -20     14.969
 -25      0.000
 -30      0.000
 -35      0.000
 -40      0.000
 -45      0.000
 -50      0.000
