 150 371112.765
 145 374754.888
 140 377969.926
 135 382814.474
 130 383885.707
 125 390023.312
 120 395504.723
 115 397877.029
 110 403803.666
 105 406586.147
 100 412659.851
  95 418279.369
  90 422159.179
  85 427874.900
  80 435008.143
  75 439899.209
  70 447186.380
  65 456926.791
  60 462876.640
  55 473004.939
  50 482168.776
  45 498533.100
  40 509932.440
  35 529715.840
  30 551565.882
  25 582670.958
  20 621964.801
  15 678531.404
  10 764363.354
   5 887817.932
   0 1063971.231
  -5 1325698.593
 -10 1201328.257
 -15 1035056.258
 -20 767042.387
 -25 421052.316
 -30 202339.146
 -35  83238.534
 -40  28423.360
 -45   8630.093
 -50   2190.494
