 150 129316.149
 145 131148.884
 140 132040.792
 135 133207.802
 130 135955.847
 125 139107.352
 120 141209.989
 115 140313.306
 110 140490.796
 105 141784.082
 100 142598.995
  95 143573.525
  90 146717.279
  85 147000.064
  80 147574.554
  75 147368.211
  70 149495.256
  65 150847.143
  60 153972.818
  55 154504.371
  50 158843.449
  45 163065.379
  40 167563.975
  35 170408.233
  30 177607.333
  25 184496.984
  20 195618.895
  15 212428.635
  10 240284.294
   5 283168.028
   0 368240.773
  -5 548932.378
 -10 452380.834
 -15 352478.959
 -20 103080.109
 -25  25557.942
 -30   3844.024
 -35    445.073
 -40     72.921
 -45      0.998
 -50      0.998
