 150  14517.524
 145  18153.467
 140  23025.202
 135  29318.483
 130  38206.928
 125  50591.024
 120  66243.545
 115  86649.250
 110 111770.734
 105 141471.729
 100 176604.031
  95 216114.486
  90 254947.931
  85 295261.755
  80 332983.056
  75 364373.924
  70 390817.410
  65 410541.537
  60 425396.214
  55 433584.198
  50 442449.155
  45 449552.832
  40 456142.329
  35 461056.846
  30 469054.084
  25 476674.424
  20 487736.459
  15 502146.051
  10 520389.437
   5 551547.983
   0 613012.399
  -5 763150.305
 -10 716263.915
 -15 192558.633
 -20  18293.042
 -25    852.231
 -30     11.975
 -35      0.998
 -40      0.000
 -45      0.000
 -50      0.000
