 150 383435.258
 145 385154.729
 140 388658.415
 135 390802.887
 130 393247.259
 125 398110.920
 120 401008.309
 115 405409.721
 110 411432.751
 105 414664.815
 100 418778.207
  95 424035.251
  90 426155.457
  85 430853.662
  80 435713.687
  75 440761.860
  70 445900.069
  65 453063.799
  60 459716.581
  55 465022.960
  50 474563.471
  45 487958.126
  40 498879.320
  35 514598.209
  30 533786.987
  25 560083.826
  20 592314.355
  15 639568.813
  10 707983.015
   5 808806.107
   0 954799.590
  -5 1211220.394
 -10 1181227.765
 -15 1079448.145
 -20 963231.295
 -25 633675.490
 -30 348469.577
 -35 178531.513
 -40  75789.375
 -45  29025.772
 -50   9500.458
