 150     82.912
 145    120.870
 140    170.816
 135    171.815
 130    252.728
 125    312.352
 120    414.141
 115    471.017
 110    608.730
 105    790.362
 100    972.943
  95   1359.556
  90   1664.211
  85   2278.521
  80   2977.854
  75   4115.460
  70   5995.469
  65   9215.895
  60  15234.799
  55  25705.444
  50  44739.681
  45  76098.813
  40 121463.449
  35 184759.439
  30 252075.918
  25 316718.492
  20 364668.313
  15 396948.127
  10 421353.747
   5 449225.735
   0 488400.969
  -5 603903.258
 -10 107492.029
 -15    333.309
 -20      0.000
 -25      0.000
 -30      0.000
 -35      0.000
 -40      0.000
 -45      0.000
 -50      0.000
