 150  68180.320
 145  84559.015
 140 103753.258
 135 126260.270
 130 152845.844
 125 182121.915
 120 212884.265
 115 242000.188
 110 270051.403
 105 297151.006
 100 320533.580
  95 340661.218
  90 359223.834
  85 370969.385
  80 379610.863
  75 383080.109
  70 391336.715
  65 395168.815
  60 401247.246
  55 401506.585
  50 407019.012
  45 414815.829
  40 420166.834
  35 424471.797
  30 433966.312
  25 438880.323
  20 448621.661
  15 463843.453
  10 488238.763
   5 524864.721
   0 598336.190
  -5 765012.185
 -10 713004.932
 -15 297395.202
 -20  57659.414
 -25   6110.315
 -30    401.168
 -35     23.950
 -40      0.000
 -45      0.000
 -50      0.000
