 150 351664.126
 145 354230.910
 140 359269.067
 135 363898.809
 130 366080.829
 125 372938.153
 120 378531.925
 115 380680.282
 110 387851.554
 105 392536.664
 100 398188.567
  95 403571.407
  90 408637.306
  85 414655.270
  80 423286.759
  75 428308.688
  70 436810.067
  65 446850.679
  60 454253.235
  55 462510.189
  50 472320.422
  45 487429.139
  40 498967.138
  35 515254.846
  30 533185.774
  25 558535.040
  20 589075.668
  15 632557.341
  10 701574.949
   5 809611.239
   0 986495.504
  -5 1240630.046
 -10 1020024.629
 -15 790843.999
 -20 467130.172
 -25 210322.371
 -30  77947.259
 -35  24274.538
 -40   6149.377
 -45   1316.269
 -50    232.521
