 150 353718.936
 145 357470.434
 140 362003.123
 135 366225.308
 130 367905.502
 125 374016.915
 120 377331.415
 115 381428.721
 110 387350.986
 105 389498.958
 100 395692.278
  95 398817.057
  90 401794.669
  85 406689.928
  80 412575.444
  75 416901.347
  70 423995.849
  65 430523.525
  60 436259.668
  55 441178.498
  50 451443.441
  45 463130.188
  40 472818.266
  35 486156.226
  30 502135.044
  25 524766.110
  20 554139.606
  15 593723.804
  10 657737.772
   5 759766.971
   0 909168.644
  -5 1140438.046
 -10 1106146.807
 -15 846156.226
 -20 449448.395
 -25 181191.846
 -30  52555.894
 -35  12662.156
 -40   2358.460
 -45    293.391
 -50     44.908
