 150 367800.293
 145 371098.440
 140 377052.914
 135 382224.109
 130 382768.906
 125 390791.716
 120 395591.543
 115 398286.175
 110 405132.488
 105 406974.342
 100 414339.028
  95 418711.329
  90 421489.898
  85 428452.843
  80 434795.582
  75 438692.152
  70 447436.410
  65 458088.383
  60 462576.643
  55 470438.690
  50 477310.028
  45 493957.045
  40 502682.944
  35 518659.781
  30 533918.712
  25 555476.830
  20 581504.378
  15 616429.758
  10 670174.759
   5 757016.693
   0 895764.054
  -5 1126742.615
 -10 946040.427
 -15 732950.128
 -20 360946.037
 -25 148013.724
 -30  43987.725
 -35  11092.484
 -40   2164.669
 -45    374.223
 -50     57.881
