 150  33181.628
 145  43215.543
 140  53876.029
 135  68484.379
 130  85555.028
 125 107632.662
 120 132521.019
 115 161144.852
 110 193791.557
 105 227493.406
 100 262141.315
  95 298064.456
  90 327121.345
  85 355060.694
  80 378810.136
  75 393847.766
  70 409503.138
  65 419332.723
  60 425457.663
  55 428507.640
  50 432072.362
  45 438323.611
  40 439963.835
  35 446854.330
  30 454229.024
  25 464286.142
  20 477725.719
  15 493921.102
  10 526460.911
   5 591057.840
   0 731000.175
  -5 1032324.571
 -10 944905.770
 -15 347540.202
 -20  60931.567
 -25   5838.878
 -30    362.248
 -35     12.973
 -40      0.000
 -45      0.000
 -50      0.000
