 150 362344.741
 145 363887.549
 140 368193.456
 135 371575.556
 130 373244.136
 125 378194.247
 120 382228.259
 115 385338.569
 110 391619.690
 105 394542.508
 100 399684.942
  95 404466.457
  90 410788.991
  85 416612.143
  80 422535.310
  75 429340.548
  70 437722.161
  65 447012.343
  60 454739.239
  55 464011.580
  50 475124.391
  45 492888.216
  40 506230.104
  35 530055.136
  30 557411.240
  25 596463.339
  20 646782.925
  15 715674.123
  10 810121.908
   5 940471.172
   0 1116911.437
  -5 1419266.410
 -10 1485616.716
 -15 1264580.994
 -20 1095006.956
 -25 729011.572
 -30 390360.003
 -35 192154.632
 -40  78301.669
 -45  28600.654
 -50   8860.765
