 150 131847.451
 145 156597.501
 140 179968.174
 135 205831.731
 130 232553.006
 125 258712.172
 120 280134.720
 115 295744.078
 110 309807.432
 105 321437.660
 100 329780.529
  95 338017.026
  90 345818.245
  85 347067.391
  80 347313.492
  75 348739.366
  70 353705.049
  65 354500.765
  60 361220.581
  55 359635.471
  50 365848.883
  45 371811.559
  40 379168.742
  35 382679.557
  30 392485.882
  25 396359.158
  20 407263.521
  15 424087.866
  10 455393.523
   5 507990.894
   0 615612.601
  -5 820702.195
 -10 790077.490
 -15 243205.592
 -20  26386.249
 -25   1158.595
 -30     23.950
 -35      0.000
 -40      0.000
 -45      0.000
 -50      0.000
