 150  21288.307
 145  27068.901
 140  34555.818
 135  44846.790
 130  56403.366
 125  72435.696
 120  91822.468
 115 114960.193
 110 143271.991
 105 173257.837
 100 204798.589
  95 238891.297
  90 271283.370
  85 302037.383
  80 328611.745
  75 350829.030
  70 370068.557
  65 385114.657
  60 396476.017
  55 405912.861
  50 414333.520
  45 426244.656
  40 433028.199
  35 445037.103
  30 456953.338
  25 474100.767
  20 492565.926
  15 518645.847
  10 559834.062
   5 636583.763
   0 801244.662
  -5 1176760.278
 -10 886969.408
 -15 239530.214
 -20  31021.630
 -25   2334.154
 -30     98.795
 -35      4.990
 -40      0.000
 -45      0.000
 -50      0.000
