 150   7122.408
 145   8326.049
 140  10091.142
 135  12891.142
 130  16367.405
 125  21537.310
 120  28798.244
 115  38850.957
 110  52557.313
 105  70254.363
 100  93516.441
  95 122337.078
  90 155954.349
  85 195129.699
  80 236854.133
  75 276290.697
  70 314666.347
  65 348531.494
  60 372488.144
  55 390336.559
  50 404401.247
  45 417290.326
  40 426087.573
  35 435066.801
  30 443186.071
  25 453696.127
  20 467277.399
  15 482703.356
  10 506281.541
   5 547256.058
   0 638153.984
  -5 880277.741
 -10 573118.510
 -15  75804.781
 -20   3938.827
 -25    117.756
 -30      6.986
 -35      0.000
 -40      0.000
 -45      0.000
 -50      0.000
