 150 332144.934
 145 337238.143
 140 342708.903
 135 347918.987
 130 350474.240
 125 357781.603
 120 363505.090
 115 367471.821
 110 374177.466
 105 378637.085
 100 384453.484
  95 390565.220
  90 394672.727
  85 402444.945
  80 408219.435
  75 413134.745
  70 421892.666
  65 433419.521
  60 439496.154
  55 448305.417
  50 456043.105
  45 469956.338
  40 481697.885
  35 497295.614
  30 513049.778
  25 535198.927
  20 560001.996
  15 593569.530
  10 645349.000
   5 727163.118
   0 862840.310
  -5 1091008.157
 -10 1052046.472
 -15 770407.176
 -20 485568.930
 -25 211646.833
 -30  77995.160
 -35  23239.732
 -40   5682.874
 -45   1220.468
 -50    224.538
