 150      0.000
 145      0.000
 140      0.000
 135      0.000
 130      0.000
 125      0.000
 120      0.000
 115      0.000
 110      0.000
 105      0.000
 100      0.000
  95      0.000
  90      0.000
  85      0.000
  80      0.000
  75      0.000
  70      1.996
  65      0.000
  60      0.000
  55      1.998
  50      0.000
  45      0.000
  40      0.998
  35      4.990
  30     22.952
  25     49.896
  20    190.604
  15    764.415
  10   3855.043
   5  21160.189
   0 101292.212
  -5 321888.541
 -10     13.971
 -15      0.000
 -20      0.000
 -25      0.000
 -30      0.000
 -35      0.000
 -40      0.000
 -45      0.000
 -50      0.000
