 150  52054.510
 145  65062.992
 140  80834.941
 135  98000.649
 130 119579.452
 125 144432.303
 120 167712.996
 115 189567.562
 110 210028.670
 105 230826.497
 100 247879.555
  95 262336.399
  90 275652.673
  85 284349.628
  80 286100.774
  75 288558.242
  70 293585.818
  65 296395.276
  60 299883.139
  55 297421.165
  50 304292.364
  45 309380.797
  40 315573.447
  35 315099.853
  30 323722.391
  25 325282.713
  20 329083.822
  15 338909.441
  10 359098.180
   5 385249.087
   0 441488.958
  -5 581509.390
 -10 497045.601
 -15 143338.716
 -20  17047.626
 -25   1088.740
 -30     49.896
 -35      2.994
 -40      0.000
 -45      0.000
 -50      0.000
