 150 294723.120
 145 305218.501
 140 316148.508
 135 324945.683
 130 330192.373
 125 336639.137
 120 341704.305
 115 345322.657
 110 350756.322
 105 352614.031
 100 356739.581
  95 360970.289
  90 362609.195
  85 366669.430
  80 371925.346
  75 373260.484
  70 378740.432
  65 385910.009
  60 388223.753
  55 391761.032
  50 398300.437
  45 407798.092
  40 414127.756
  35 424176.833
  30 434398.411
  25 450760.672
  20 468696.985
  15 492936.143
  10 533985.853
   5 611691.596
   0 744172.015
  -5 903359.592
 -10 549345.601
 -15 195203.952
 -20  47181.099
 -25   7762.892
 -30    830.277
 -35     89.810
 -40      6.992
 -45      0.000
 -50      2.994
