 150 379431.905
 145 381029.774
 140 384954.404
 135 387878.031
 130 388516.733
 125 393856.354
 120 397496.592
 115 399386.879
 110 403652.577
 105 406111.132
 100 410633.053
  95 412983.412
  90 416088.705
  85 418139.065
  80 424845.120
  75 426644.140
  70 431980.728
  65 438108.800
  60 442301.167
  55 447179.623
  50 452514.831
  45 465655.695
  40 472633.177
  35 485472.644
  30 497739.218
  25 515113.624
  20 535394.057
  15 565307.682
  10 609050.919
   5 682907.509
   0 798318.807
  -5 980908.824
 -10 846095.812
 -15 628996.832
 -20 287375.695
 -25 107613.594
 -30  29335.130
 -35   6373.488
 -40   1189.719
 -45    148.691
 -50     17.963
