 150   3752.000
 145   4311.365
 140   5157.451
 135   6084.459
 130   7191.269
 125   8815.707
 120  11206.746
 115  14734.264
 110  19296.728
 105  26791.461
 100  37308.483
  95  51344.472
  90  70786.904
  85  98687.628
  80 133045.394
  75 172817.404
  70 219347.564
  65 269528.268
  60 315615.619
  55 353839.684
  50 383112.239
  45 409587.645
  40 421357.369
  35 432259.629
  30 438873.072
  25 444827.538
  20 453064.890
  15 462448.345
  10 480959.780
   5 519304.190
   0 602571.236
  -5 845648.976
 -10 544006.626
 -15  69300.271
 -20   3367.013
 -25     77.838
 -30      2.994
 -35      0.000
 -40      0.000
 -45      0.000
 -50      0.000
