 150 349984.916
 145 352581.680
 140 354607.088
 135 357140.074
 130 359199.220
 125 363529.676
 120 365812.305
 115 369166.288
 110 372281.049
 105 376100.719
 100 379102.295
  95 383012.241
  90 385571.125
  85 389136.009
  80 393865.456
  75 395661.398
  70 402314.163
  65 409462.185
  60 414189.326
  55 419621.166
  50 424684.916
  45 436353.556
  40 442329.378
  35 453899.159
  30 466807.240
  25 485034.553
  20 507699.523
  15 543698.457
  10 599767.081
   5 689883.306
   0 825644.258
  -5 1038334.035
 -10 884932.729
 -15 677907.342
 -20 345601.223
 -25 141011.261
 -30  43427.887
 -35  11500.619
 -40   2308.514
 -45    441.085
 -50     81.832
