 150   1129.797
 145   1396.500
 140   1748.117
 135   2085.758
 130   2293.537
 125   2913.951
 120   3452.839
 115   4130.384
 110   5318.899
 105   6621.274
 100   8713.537
  95  12203.040
  90  16820.918
  85  24415.436
  80  35601.518
  75  52459.200
  70  76756.502
  65 111328.217
  60 149515.792
  55 195490.434
  50 242963.357
  45 291484.322
  40 326391.044
  35 356693.860
  30 374091.272
  25 389478.443
  20 399095.876
  15 409978.524
  10 427258.139
   5 451393.849
   0 496988.737
  -5 613770.674
 -10 552275.551
 -15  47967.468
 -20   1046.828
 -25     14.969
 -30      0.000
 -35      0.000
 -40      0.000
 -45      0.000
 -50      0.000
