 150  95674.012
 145 117054.050
 140 143266.702
 135 172007.092
 130 203114.855
 125 236985.019
 120 271734.152
 115 304316.196
 110 335558.689
 105 362271.012
 100 387231.080
  95 405588.265
  90 416603.152
  85 427427.958
  80 437742.936
  75 441681.511
  70 447004.314
  65 451408.231
  60 452199.895
  55 456788.323
  50 461227.413
  45 467515.019
  40 472045.394
  35 479318.934
  30 486837.969
  25 500035.426
  20 511176.797
  15 527479.535
  10 554252.577
   5 594754.449
   0 670309.747
  -5 850051.792
 -10 680676.722
 -15 218302.241
 -20  35764.824
 -25   3641.440
 -30    191.602
 -35      9.979
 -40      1.998
 -45      0.000
 -50      0.000
