 150  76334.627
 145  83008.683
 140  89986.085
 135  93993.956
 130  99689.833
 125 105406.282
 120 107839.234
 115 110364.779
 110 111891.482
 105 113495.723
 100 115241.732
  95 116246.546
  90 117911.245
  85 117508.151
  80 118406.727
  75 118696.704
  70 119629.735
  65 120763.536
  60 122254.745
  55 123356.762
  50 124621.409
  45 126990.232
  40 129570.659
  35 131350.317
  30 134978.300
  25 139722.935
  20 144595.819
  15 153280.250
  10 166953.575
   5 186544.092
   0 228742.873
  -5 324457.856
 -10 190035.577
 -15  51989.174
 -20   6170.197
 -25    383.204
 -30     18.961
 -35      0.000
 -40      2.997
 -45      0.998
 -50      0.000
