 150 216982.696
 145 246204.084
 140 273222.739
 135 301634.743
 130 325914.967
 125 351142.029
 120 373015.992
 115 390640.125
 110 407684.163
 105 417462.600
 100 428478.244
  95 435403.601
  90 438454.661
  85 442643.404
  80 447400.014
  75 447507.422
  70 452553.710
  65 454330.174
  60 456271.556
  55 457029.065
  50 461286.349
  45 470556.740
  40 472709.020
  35 482765.778
  30 491439.366
  25 506563.880
  20 523541.129
  15 549499.887
  10 592908.829
   5 673182.982
   0 837549.796
  -5 1172063.076
 -10 1012209.775
 -15 521716.959
 -20 161352.355
 -25  32393.751
 -30   4284.110
 -35    467.022
 -40     31.966
 -45      3.992
 -50      0.000
