 150 196019.044
 145 208277.518
 140 220773.227
 135 230692.006
 130 240298.679
 125 252581.893
 120 261777.074
 115 271195.557
 110 280769.315
 105 290918.925
 100 300138.050
  95 309674.126
  90 318437.679
  85 328881.834
  80 340496.216
  75 348171.544
  70 359334.351
  65 374315.045
  60 382782.530
  55 393408.266
  50 405423.926
  45 421914.847
  40 435024.499
  35 450842.052
  30 468420.874
  25 490991.701
  20 514065.314
  15 543118.116
  10 584326.949
   5 652812.268
   0 769570.481
  -5 965915.101
 -10 518758.245
 -15 130360.632
 -20  19595.359
 -25   1867.126
 -30    130.729
 -35      9.979
 -40      0.000
 -45      0.000
 -50      2.994
