 150 348201.817
 145 356757.200
 140 363354.667
 135 369286.018
 130 371812.673
 125 378152.334
 120 381040.722
 115 382846.764
 110 385848.734
 105 386406.366
 100 390743.652
  95 393441.165
  90 393562.527
  85 394275.423
  80 398168.578
  75 398517.475
  70 403456.775
  65 406894.508
  60 408753.464
  55 411404.974
  50 414142.312
  45 422567.514
  40 425249.733
  35 435049.273
  30 442708.510
  25 454333.258
  20 468358.157
  15 485598.839
  10 514312.459
   5 567358.388
   0 661852.171
  -5 826734.432
 -10 657565.470
 -15 330423.372
 -20  89190.020
 -25  15848.099
 -30   1881.097
 -35    181.615
 -40     33.963
 -45      1.996
 -50      0.998
