 150 354150.476
 145 358743.069
 140 366029.786
 135 370068.177
 130 373390.978
 125 382173.989
 120 388805.617
 115 392057.560
 110 399310.639
 105 405392.028
 100 412618.896
  95 417599.509
  90 423710.088
  85 432040.372
  80 441586.008
  75 447523.836
  70 456784.321
  65 466999.909
  60 476062.548
  55 484377.747
  50 493343.695
  45 509262.450
  40 519838.933
  35 537258.189
  30 557101.885
  25 579120.325
  20 605894.768
  15 640913.028
  10 691530.681
   5 774489.101
   0 904692.360
  -5 1131200.316
 -10 999529.971
 -15 801296.310
 -20 579596.916
 -25 298943.394
 -30 136585.585
 -35  54064.384
 -40  17737.896
 -45   5291.021
 -50   1551.806
