 150    232.752
 145    325.650
 140    465.499
 135    535.424
 130    644.308
 125    750.442
 120    833.272
 115   1025.860
 110   1285.318
 105   1603.676
 100   1824.019
  95   2323.532
  90   2932.847
  85   3410.290
  80   4436.842
  75   5726.124
  70   7882.518
  65  11539.079
  60  17446.270
  55  28273.691
  50  47088.098
  45  77918.614
  40 121694.970
  35 180832.772
  30 245541.555
  25 305774.213
  20 352915.700
  15 382940.547
  10 406425.139
   5 430819.008
   0 463626.601
  -5 549220.326
 -10 317875.587
 -15   3242.272
 -20     16.965
 -25      0.000
 -30      0.000
 -35      0.000
 -40      0.000
 -45      0.000
 -50      0.000
