 150  12282.906
 145  15567.250
 140  19720.761
 135  25922.134
 130  33534.983
 125  45393.763
 120  59782.950
 115  79499.165
 110 104663.567
 105 134352.487
 100 168350.004
  95 208972.072
  90 247908.498
  85 288355.269
  80 326038.383
  75 355343.662
  70 383324.469
  65 403019.540
  60 415609.831
  55 422535.042
  50 428407.891
  45 435695.320
  40 437847.218
  35 444868.453
  30 452364.914
  25 463188.883
  20 478257.138
  15 496301.168
  10 531916.656
   5 603560.965
   0 759862.388
  -5 1077911.477
 -10 1035435.790
 -15 206289.156
 -20  11329.503
 -25    186.613
 -30      1.996
 -35      0.000
 -40      0.000
 -45      0.000
 -50      0.000
