 150   8882.531
 145  10854.321
 140  13183.801
 135  16526.234
 130  21101.337
 125  27669.558
 120  36400.469
 115  49075.628
 110  65185.957
 105  86912.830
 100 112847.335
  95 146350.576
  90 183160.103
  85 225149.038
  80 268693.685
  75 309572.637
  70 347321.750
  65 380227.788
  60 403139.371
  55 420794.908
  50 434724.063
  45 444727.584
  40 449921.213
  35 458072.042
  30 465087.363
  25 474470.474
  20 486192.664
  15 500180.127
  10 522625.823
   5 564078.487
   0 646467.401
  -5 860897.169
 -10 753517.233
 -15 169406.651
 -20  15078.727
 -25    671.606
 -30     10.977
 -35      0.000
 -40      0.000
 -45      0.000
 -50      0.000
