 150 357606.791
 145 360364.329
 140 362500.587
 135 366127.413
 130 365179.797
 125 370828.531
 120 374870.519
 115 375484.116
 110 380424.055
 105 380780.024
 100 385004.885
  95 387415.565
  90 390310.026
  85 394038.680
  80 399391.056
  75 400681.986
  70 406475.466
  65 415067.565
  60 418270.963
  55 424977.424
  50 431907.108
  45 445990.101
  40 451201.014
  35 468053.788
  30 484466.403
  25 508828.182
  20 541077.265
  15 587633.424
  10 662016.598
   5 773709.941
   0 931933.104
  -5 1148850.498
 -10 963618.165
 -15 749753.262
 -20 407660.512
 -25 176812.936
 -30  59087.394
 -35  16627.749
 -40   3607.115
 -45    799.341
 -50    135.721
