 150  70070.305
 145  86987.402
 140 106435.369
 135 129267.038
 130 154984.392
 125 184529.102
 120 215358.132
 115 247230.278
 110 278077.652
 105 308676.114
 100 337948.650
  95 361766.804
  90 380074.420
  85 397513.505
  80 410570.992
  75 418260.110
  70 426361.053
  65 432525.941
  60 437238.972
  55 442326.826
  50 446726.535
  45 453622.449
  40 460711.866
  35 466487.572
  30 475473.686
  25 487301.362
  20 501014.893
  15 521282.382
  10 552813.546
   5 610517.473
   0 721180.010
  -5 961009.373
 -10 984282.457
 -15 546923.680
 -20 147899.109
 -25  24060.051
 -30   2372.078
 -35    210.562
 -40      3.996
 -45      0.998
 -50      0.000
