 150 355428.469
 145 359398.007
 140 363732.260
 135 369950.303
 130 372272.180
 125 378219.816
 120 382890.884
 115 386891.943
 110 392441.974
 105 396619.807
 100 401404.075
  95 405170.709
  90 410515.696
  85 415027.450
  80 421910.177
  75 426210.040
  70 434218.050
  65 443060.536
  60 448705.052
  55 455065.170
  50 464039.373
  45 478010.315
  40 487629.120
  35 503005.264
  30 520409.905
  25 541939.933
  20 570825.537
  15 608805.555
  10 671407.216
   5 783621.040
   0 976430.337
  -5 1286766.804
 -10 1114461.637
 -15 853594.791
 -20 424850.435
 -25 172767.335
 -30  49916.423
 -35  12386.740
 -40   2282.542
 -45    336.302
 -50     47.901
