 150 361318.196
 145 362976.164
 140 369403.153
 135 372989.037
 130 374983.268
 125 379624.899
 120 384134.305
 115 387600.465
 110 393596.564
 105 396604.838
 100 401606.855
  95 405098.785
  90 409271.034
  85 414554.964
  80 421661.690
  75 425076.392
  70 432519.602
  65 440366.121
  60 447071.398
  55 454060.247
  50 462819.692
  45 476714.718
  40 487484.420
  35 501680.014
  30 517096.819
  25 539942.080
  20 562603.598
  15 598129.675
  10 652741.741
   5 742995.794
   0 897093.624
  -5 1139438.132
 -10 920745.660
 -15 712061.472
 -20 365629.319
 -25 155523.134
 -30  48798.743
 -35  12659.163
 -40   2613.186
 -45    470.025
 -50     68.858
