 150 337949.084
 145 340793.987
 140 345087.341
 135 351266.389
 130 350881.154
 125 358074.637
 120 361798.630
 115 362952.880
 110 370193.406
 105 371746.370
 100 376555.061
  95 379691.767
  90 383917.289
  85 387999.856
  80 394515.720
  75 397581.416
  70 406053.941
  65 413829.132
  60 418767.364
  55 426288.019
  50 432133.863
  45 446725.197
  40 453931.907
  35 470612.479
  30 483683.552
  25 505500.581
  20 529935.384
  15 563264.915
  10 617176.148
   5 709792.553
   0 877707.464
  -5 1155372.892
 -10 980838.568
 -15 691802.510
 -20 305924.207
 -25 110019.599
 -30  27255.445
 -35   5958.368
 -40    992.931
 -45    146.696
 -50     16.965
