 150    723.229
 145    936.993
 140   1113.802
 135   1302.600
 130   1557.326
 125   1892.074
 120   2255.320
 115   2744.275
 110   3423.854
 105   4347.987
 100   5589.929
  95   7367.176
  90   9851.410
  85  14255.490
  80  21389.851
  75  32676.197
  70  49630.273
  65  75459.572
  60 108803.171
  55 151871.194
  50 200109.881
  45 252743.038
  40 297421.041
  35 333221.233
  30 360520.594
  25 378751.711
  20 392128.334
  15 404626.210
  10 420533.440
   5 449044.930
   0 500746.697
  -5 660031.175
 -10 304337.543
 -15   9339.630
 -20     91.809
 -25      2.994
 -30      0.000
 -35      0.000
 -40      0.000
 -45      0.000
 -50      0.000
