 150 310328.190
 145 314327.726
 140 321262.001
 135 325782.784
 130 329819.444
 125 337610.458
 120 343932.684
 115 349536.217
 110 356681.961
 105 360474.736
 100 367916.443
  95 374941.812
  90 380825.612
  85 388274.334
  80 396286.066
  75 402134.571
  70 411559.253
  65 423440.208
  60 428862.973
  55 437823.653
  50 447251.626
  45 463987.861
  40 473619.607
  35 490327.081
  30 507663.015
  25 531592.414
  20 555494.349
  15 587314.497
  10 634869.629
   5 712236.209
   0 834509.737
  -5 1050962.692
 -10 993358.721
 -15 756488.044
 -20 505431.735
 -25 235934.436
 -30  97423.846
 -35  33626.711
 -40   9999.221
 -45   2776.239
 -50    680.600
