 150 127774.920
 145 145347.043
 140 141977.091
 135 154003.446
 130 152400.322
 125 160595.604
 120 173449.266
 115 174200.618
 110 190343.943
 105 187615.074
 100 204386.037
  95 205013.071
  90 219846.665
  85 223250.327
  80 228223.946
  75 244187.311
  70 239207.057
  65 255293.776
  60 264558.391
  55 272813.544
  50 282029.127
  45 294054.187
  40 299905.196
  35 306467.081
  30 317048.320
  25 331145.872
  20 342527.912
  15 351761.798
  10 369608.129
   5 381758.464
   0 412687.361
  -5 450479.300
 -10 280756.238
 -15  71145.373
 -20  16433.900
 -25   2594.616
 -30    563.830
 -35    264.439
 -40    121.869
 -45     73.847
 -50     44.908
