 150   2891.917
 145   3784.927
 140   5105.501
 135   6653.847
 130   8966.361
 125  11988.125
 120  16049.697
 115  20974.248
 110  26997.656
 105  33931.660
 100  42235.090
  95  51391.422
  90  59456.085
  85  67693.350
  80  75053.165
  75  81110.695
  70  86272.518
  65  89687.987
  60  93160.301
  55  95491.633
  50  98346.785
  45 101347.848
  40 103569.508
  35 106610.676
  30 110102.217
  25 114753.771
  20 118915.132
  15 126013.773
  10 136095.236
   5 154596.500
   0 196714.335
  -5 322713.497
 -10 159606.413
 -15  10727.751
 -20    301.375
 -25      1.996
 -30      7.983
 -35      0.000
 -40      0.000
 -45      0.000
 -50      0.000
