 150  16443.471
 145  20567.869
 140  26575.378
 135  34759.633
 130  46045.547
 125  60649.092
 120  80162.662
 115 105374.189
 110 136815.466
 105 173129.103
 100 214147.222
  95 256627.462
  90 298244.387
  85 337717.563
  80 373529.409
  75 399679.665
  70 418699.499
  65 432652.112
  60 441499.808
  55 447219.581
  50 452872.445
  45 460833.222
  40 466292.309
  35 470869.475
  30 477952.513
  25 486992.491
  20 497916.326
  15 511247.185
  10 534956.385
   5 579628.740
   0 678319.129
  -5 875536.631
 -10 414395.858
 -15  54738.472
 -20   3438.868
 -25    119.751
 -30      0.998
 -35      0.000
 -40      2.997
 -45      0.000
 -50      0.000
