 150  42591.597
 145  53230.883
 140  65193.786
 135  78938.141
 130  94098.844
 125 112475.613
 120 132449.300
 115 151629.852
 110 172270.643
 105 190444.209
 100 207777.354
  95 223288.867
  90 236890.343
  85 248199.455
  80 257851.794
  75 266092.857
  70 275850.748
  65 284775.660
  60 290806.266
  55 298986.486
  50 306084.510
  45 319104.219
  40 326574.990
  35 338889.465
  30 351258.275
  25 367222.646
  20 386424.170
  15 406721.866
  10 438590.749
   5 488132.793
   0 578447.747
  -5 814454.049
 -10 577133.642
 -15 141172.209
 -20  16704.355
 -25   1265.374
 -30     59.876
 -35      2.994
 -40      0.000
 -45      0.000
 -50      0.000
