 150 351278.537
 145 352667.588
 140 355362.275
 135 357351.847
 130 357102.472
 125 361579.722
 120 365216.541
 115 366071.740
 110 369385.093
 105 370979.331
 100 372910.020
  95 375369.358
  90 377398.919
  85 379212.796
  80 382880.118
  75 383346.938
  70 389368.220
  65 394959.249
  60 399540.342
  55 401125.993
  50 409344.499
  45 418933.457
  40 424567.146
  35 437317.566
  30 450506.244
  25 470791.108
  20 497022.678
  15 537163.996
  10 601381.748
   5 699591.840
   0 832441.957
  -5 1007154.077
 -10 687561.498
 -15 446106.329
 -20 161761.507
 -25  49707.807
 -30  11124.916
 -35   1975.811
 -40    223.759
 -45     30.936
 -50      9.979
