 150  20187.480
 145  25129.960
 140  30641.000
 135  37111.106
 130  44755.887
 125  52200.684
 120  59854.801
 115  67956.243
 110  74848.791
 105  81046.990
 100  86830.615
  95  91061.293
  90  94364.558
  85  96474.036
  80  98851.070
  75 100934.561
  70 103114.285
  65 104562.138
  60 106716.551
  55 108508.679
  50 111128.981
  45 113919.309
  40 116188.374
  35 118463.071
  30 121541.343
  25 126147.119
  20 130285.527
  15 137252.476
  10 145588.651
   5 159889.799
   0 191069.409
  -5 266868.046
 -10 153290.455
 -15  15907.009
 -20    609.735
 -25     10.977
 -30      0.998
 -35      0.000
 -40      0.000
 -45      0.000
 -50      0.000
