 150  67495.050
 145  84485.094
 140 104672.268
 135 128569.787
 130 157755.571
 125 188546.577
 120 223350.548
 115 258653.449
 110 293637.179
 105 326566.029
 100 359758.942
  95 383970.224
  90 403261.494
  85 421773.111
  80 431542.727
  75 441203.503
  70 446675.003
  65 451319.415
  60 456001.110
  55 457913.117
  50 461066.587
  45 467238.317
  40 469411.848
  35 474161.640
  30 481931.210
  25 493098.820
  20 503661.399
  15 521010.944
  10 549476.430
   5 604252.220
   0 715669.939
  -5 929901.226
 -10 733574.435
 -15 243000.018
 -20  40351.311
 -25   3799.113
 -30    231.520
 -35     14.969
 -40      0.000
 -45      0.998
 -50      0.000
