 150 372075.368
 145 375133.482
 140 378777.057
 135 381235.172
 130 382895.387
 125 387672.579
 120 390156.815
 115 393172.236
 110 398242.267
 105 401936.188
 100 404719.475
  95 406837.532
  90 410037.799
  85 414739.179
  80 418805.585
  75 420605.664
  70 427895.698
  65 435633.931
  60 440800.359
  55 446401.904
  50 453578.136
  45 466550.460
  40 475679.344
  35 492754.534
  30 510364.869
  25 538697.203
  20 574163.038
  15 627096.656
  10 712019.679
   5 832287.794
   0 1004877.756
  -5 1264853.516
 -10 1102986.333
 -15 672552.454
 -20 256940.848
 -25  64232.653
 -30  10299.618
 -35   1120.624
 -40     72.921
 -45      2.994
 -50      0.998
