 150 284022.516
 145 306096.253
 140 326116.772
 135 345291.811
 130 358466.008
 125 372064.594
 120 381091.616
 115 387999.633
 110 396836.802
 105 401868.926
 100 405367.771
  95 409633.969
  90 413850.111
  85 416657.676
  80 421828.346
  75 425044.458
  70 428424.165
  65 435003.238
  60 438442.071
  55 442114.054
  50 447456.300
  45 457242.806
  40 463362.377
  35 473967.517
  30 486374.936
  25 499484.071
  20 517829.504
  15 541749.495
  10 579463.986
   5 644936.403
   0 765753.815
  -5 995388.619
 -10 889347.497
 -15 416583.589
 -20  99964.574
 -25  15196.452
 -30   1524.836
 -35    104.778
 -40      8.990
 -45      1.996
 -50      0.000
