 150 310330.498
 145 313097.047
 140 316927.669
 135 322025.822
 130 324931.024
 125 330198.508
 120 334854.512
 115 339085.667
 110 344824.696
 105 348127.332
 100 354384.139
  95 357632.836
  90 362287.541
  85 368792.123
  80 373072.977
  75 379256.044
  70 385871.529
  65 394497.207
  60 401239.059
  55 408846.716
  50 417350.844
  45 431436.303
  40 443727.484
  35 459261.033
  30 476205.160
  25 504726.692
  20 537389.380
  15 591479.862
  10 677621.389
   5 801386.106
   0 950084.659
  -5 1122998.425
 -10 774919.791
 -15 453643.689
 -20 156355.562
 -25  43258.239
 -30   8655.041
 -35   1478.865
 -40    183.802
 -45     30.936
 -50      0.998
