 150 345193.024
 145 348833.701
 140 353813.942
 135 357929.226
 130 360552.766
 125 365206.197
 120 370281.037
 115 373855.511
 110 380040.855
 105 383422.548
 100 390073.380
  95 394753.771
  90 398917.764
  85 404680.113
  80 411991.062
  75 415481.292
  70 424374.058
  65 433024.341
  60 438384.750
  55 446230.641
  50 454413.779
  45 464747.749
  40 473862.105
  35 487666.093
  30 502146.522
  25 522631.540
  20 547630.666
  15 585919.974
  10 646304.028
   5 745687.149
   0 898774.716
  -5 1130876.991
 -10 912344.097
 -15 725421.750
 -20 378826.314
 -25 162037.610
 -30  53138.737
 -35  15217.738
 -40   3335.408
 -45    637.677
 -50    120.751
