 150 376005.178
 145 376110.434
 140 379082.728
 135 380941.488
 130 380893.920
 125 384246.688
 120 386943.479
 115 387013.078
 110 389678.740
 105 390722.423
 100 393767.369
  95 393371.240
  90 394770.227
  85 399309.950
  80 401585.529
  75 403071.031
  70 408058.158
  65 413176.485
  60 415613.408
  55 420185.561
  50 423829.840
  45 436446.456
  40 442390.252
  35 453798.368
  30 468548.608
  25 490613.976
  20 517302.597
  15 560328.998
  10 628305.178
   5 747488.208
   0 934100.776
  -5 1219102.951
 -10 919034.275
 -15 668049.797
 -20 283416.195
 -25 103659.802
 -30  27382.182
 -35   5945.396
 -40    976.948
 -45    157.673
 -50     14.969
