 150 366715.082
 145 368874.198
 140 371961.398
 135 375593.237
 130 374659.241
 125 377737.195
 120 380864.088
 115 382144.229
 110 386950.821
 105 388717.577
 100 390868.517
  95 392914.332
  90 395722.203
  85 400011.188
  80 402486.268
  75 404037.027
  70 410652.736
  65 416578.433
  60 420763.435
  55 424713.132
  50 431801.654
  45 444260.756
  40 451501.392
  35 464859.417
  30 480718.740
  25 501425.542
  20 529649.448
  15 568392.291
  10 634265.242
   5 738897.469
   0 906648.353
  -5 1170714.889
 -10 973728.251
 -15 714561.285
 -20 326013.522
 -25 125554.349
 -30  33761.910
 -35   7614.857
 -40   1279.622
 -45    196.592
 -50     15.967
