 150 341609.844
 145 344988.827
 140 349421.673
 135 354364.059
 130 356769.473
 125 363579.572
 120 368316.112
 115 373152.976
 110 379083.232
 105 383615.149
 100 390219.222
  95 396009.042
  90 400422.146
  85 406857.746
  80 414232.025
  75 421876.029
  70 428408.626
  65 439816.261
  60 445799.112
  55 457154.388
  50 467919.647
  45 486077.176
  40 500652.649
  35 521953.946
  30 542569.657
  25 578678.243
  20 622950.754
  15 681941.018
  10 777250.977
   5 913201.569
   0 1104763.379
  -5 1381332.540
 -10 1338919.132
 -15 1065722.626
 -20 848339.695
 -25 515868.058
 -30 255267.066
 -35 117615.655
 -40  44322.265
 -45  14274.381
 -50   4141.481
