 150 214501.342
 145 240059.696
 140 265408.155
 135 289343.955
 130 313820.956
 125 336389.655
 120 355143.078
 115 371831.360
 110 385277.925
 105 397769.424
 100 408157.333
  95 416932.218
  90 422200.135
  85 429135.101
  80 436118.288
  75 440891.151
  70 447104.105
  65 454423.979
  60 459582.774
  55 464448.112
  50 473717.911
  45 484130.108
  40 494520.847
  35 504650.346
  30 516357.362
  25 533614.749
  20 551462.165
  15 577130.608
  10 615777.651
   5 685962.219
   0 816308.652
  -5 1082270.384
 -10 1014073.923
 -15 553624.782
 -20 170593.190
 -25  33335.795
 -30   4336.003
 -35    411.139
 -40     32.964
 -45      1.996
 -50      4.990
