 150 376002.182
 145 378902.438
 140 382058.523
 135 385614.464
 130 385709.748
 125 390402.914
 120 391452.128
 115 392693.235
 110 397728.940
 105 398181.967
 100 402658.713
  95 404327.604
  90 405810.348
  85 407920.590
  80 410355.437
  75 412546.379
  70 416465.587
  65 421288.669
  60 422821.638
  55 427511.707
  50 432196.795
  45 441940.495
  40 445131.578
  35 456688.372
  30 469267.109
  25 485939.675
  20 508379.113
  15 538912.374
  10 591819.485
   5 682261.522
   0 833097.254
  -5 1069084.889
 -10 834166.612
 -15 552248.085
 -20 207829.961
 -25  63294.600
 -30  13578.824
 -35   2456.792
 -40    308.668
 -45     29.938
 -50      6.986
