 150 328600.712
 145 333436.223
 140 337472.542
 135 341672.702
 130 344055.141
 125 349892.972
 120 354571.618
 115 355414.960
 110 361236.461
 105 363550.723
 100 368677.616
  95 372280.266
  90 375516.944
  85 381767.019
  80 385728.856
  75 390412.285
  70 394848.766
  65 404647.166
  60 408642.283
  55 414782.768
  50 419597.834
  45 432052.063
  40 440868.402
  35 453653.669
  30 465905.655
  25 481964.923
  20 502240.349
  15 526145.826
  10 562055.356
   5 623397.977
   0 733952.002
  -5 921115.553
 -10 598237.639
 -15 252234.613
 -20  68731.382
 -25  12787.453
 -30   1763.339
 -35    198.579
 -40      9.989
 -45      1.996
 -50      4.990
