 150 397241.937
 145 399364.083
 140 402586.414
 135 406709.787
 130 407395.457
 125 410224.374
 120 414001.361
 115 415932.365
 110 418227.160
 105 420371.570
 100 423213.390
  95 424500.181
  90 427854.057
  85 430047.109
  80 433023.240
  75 435347.090
  70 439740.503
  65 443400.830
  60 448566.336
  55 451907.555
  50 457816.101
  45 466948.295
  40 472073.336
  35 483679.365
  30 495576.731
  25 513893.158
  20 532706.634
  15 562462.578
  10 607770.562
   5 681330.207
   0 817957.695
  -5 1071048.792
 -10 962547.340
 -15 813133.747
 -20 393723.025
 -25 159413.058
 -30  45580.421
 -35  10887.918
 -40   2045.797
 -45    286.406
 -50     40.916
