 150 310636.172
 145 312811.353
 140 318419.063
 135 323545.189
 130 325492.421
 125 331764.257
 120 337880.236
 115 340436.849
 110 346547.103
 105 351120.128
 100 355880.514
  95 361148.100
  90 365489.099
  85 371084.631
  80 376893.093
  75 381882.594
  70 389298.366
  65 398436.042
  60 403530.359
  55 410448.000
  50 418258.862
  45 431337.411
  40 441064.995
  35 453600.778
  30 467355.629
  25 485955.642
  20 507657.104
  15 535643.611
  10 580888.047
   5 659115.474
   0 801114.802
  -5 1032612.969
 -10 684559.385
 -15 385877.305
 -20 129227.852
 -25  34644.113
 -30   6925.629
 -35   1105.656
 -40    143.845
 -45     15.967
 -50      2.994
