 150 140699.155
 145 164016.846
 140 190042.324
 135 215788.028
 130 236957.508
 125 259742.774
 120 278933.492
 115 292993.815
 110 306954.386
 105 317767.268
 100 325356.663
  95 332545.836
  90 337874.785
  85 345459.140
  80 353071.261
  75 357831.857
  70 365013.756
  65 373706.307
  60 380586.559
  55 386375.805
  50 393522.602
  45 405559.779
  40 412830.029
  35 426256.518
  30 437724.469
  25 454588.275
  20 472025.547
  15 492757.007
  10 521443.740
   5 569486.663
   0 658799.790
  -5 833108.136
 -10 507173.686
 -15 113786.892
 -20  13346.306
 -25    963.001
 -30     31.934
 -35      0.000
 -40      1.998
 -45      0.000
 -50      0.000
