 150 333217.790
 145 336202.255
 140 338291.660
 135 343236.021
 130 344976.151
 125 349660.455
 120 355003.722
 115 355869.013
 110 361084.777
 105 363605.609
 100 366275.225
  95 370649.999
  90 374593.937
  85 377326.846
  80 382071.405
  75 384480.587
  70 389561.816
  65 398865.153
  60 401953.994
  55 407068.030
  50 413035.921
  45 425265.461
  40 432045.665
  35 446094.354
  30 458806.471
  25 477777.611
  20 498867.351
  15 525844.450
  10 571234.401
   5 645436.220
   0 776334.440
  -5 986478.206
 -10 615539.910
 -15 305883.292
 -20  96293.192
 -25  22138.041
 -30   3925.850
 -35    539.856
 -40     62.932
 -45      9.979
 -50      2.994
