 150  27171.402
 145   4692.960
 140   5986.564
 135   7460.092
 130   9553.187
 125  11519.605
 120  13619.359
 115  16226.605
 110  18754.027
 105  20818.599
 100  23041.530
  95  25051.395
  90  26629.187
  85  27851.070
  80  29280.097
  75  29812.981
  70  30908.742
  65  31260.333
  60  32159.300
  55  33249.224
  50  33928.696
  45  35239.455
  40  35859.663
  35  37565.938
  30  39722.219
  25  42437.465
  20  46843.643
  15  53145.709
  10  61973.502
   5  77548.635
   0 108824.495
  -5 185574.747
 -10  65903.448
 -15   3660.405
 -20     80.913
 -25      1.998
 -30      1.998
 -35      0.000
 -40      0.000
 -45      0.000
 -50      0.000
