 150  26844.111
 145  23033.285
 140  23401.820
 135  23931.609
 130  24275.652
 125  24522.614
 120  24582.574
 115  24396.871
 110  25051.345
 105  25032.091
 100  24976.500
  95  25213.249
  90  25419.521
  85  25929.093
  80  26249.375
  75  26465.576
  70  27009.964
  65  27086.800
  60  28052.759
  55  28989.865
  50  29462.475
  45  30703.921
  40  31740.203
  35  33043.336
  30  34908.369
  25  37439.827
  20  41564.318
  15  46399.981
  10  53074.052
   5  64455.710
   0  83782.241
  -5 135395.918
 -10  53825.581
 -15  32984.590
 -20   1787.081
 -25    202.782
 -30      3.996
 -35      2.997
 -40      0.000
 -45      0.998
 -50      0.000
