 150  26282.254
 145  21480.951
 140  22364.958
 135  23647.910
 130  24431.329
 125  25267.812
 120  25594.486
 115  25988.167
 110  26263.056
 105  26718.278
 100  26512.870
  95  27055.267
  90  27213.582
  85  27509.780
  80  27550.667
  75  28534.354
  70  28691.157
  65  29016.720
  60  29757.891
  55  30675.055
  50  31529.264
  45  32840.495
  40  34331.830
  35  35945.306
  30  38929.035
  25  41946.991
  20  47102.365
  15  54724.008
  10  65636.572
   5  81416.559
   0 109846.497
  -5 182920.440
 -10  58665.562
 -15  16842.070
 -20    762.182
 -25     65.929
 -30      0.000
 -35      0.000
 -40      0.000
 -45      0.000
 -50      0.000
