 150  59778.481
 145  39721.339
 140  40955.972
 135  41662.796
 130  41990.953
 125  43280.430
 120  44122.568
 115  44785.989
 110  45976.036
 105  46251.234
 100  47149.927
  95  48504.488
  90  50210.722
  85  51386.168
  80  54145.324
  75  55912.949
  70  58471.144
  65  60957.410
  60  64224.702
  55  69500.287
  50  73450.481
  45  79213.760
  40  85443.875
  35  93588.523
  30 103553.473
  25 116681.800
  20 135201.658
  15 161720.665
  10 202305.926
   5 270748.216
   0 389917.600
  -5 667980.940
 -10 439738.861
 -15 140958.652
 -20 109978.993
 -25  32744.832
 -30   5582.005
 -35   1469.416
 -40    247.484
 -45     75.843
 -50     24.948
