 150  34848.446
 145  22410.953
 140  22895.365
 135  23325.252
 130  24136.940
 125  24475.664
 120  24380.791
 115  24332.939
 110  24903.503
 105  24953.175
 100  24879.603
  95  25219.242
  90  25382.561
  85  25694.581
  80  25928.044
  75  26213.846
  70  26876.108
  65  26936.962
  60  27720.118
  55  29037.813
  50  29510.424
  45  30684.960
  40  32447.736
  35  33603.173
  30  35957.238
  25  38908.251
  20  43463.277
  15  50422.644
  10  60500.083
   5  76703.544
   0 108798.657
  -5 205623.126
 -10  78110.312
 -15   8260.867
 -20    230.752
 -25      3.996
 -30      0.000
 -35      0.000
 -40      0.000
 -45      0.000
 -50      0.000
