 150  50262.253
 145  36204.081
 140  36477.786
 135  37656.047
 130  38109.960
 125  39803.172
 120  39704.318
 115  40514.609
 110  41612.682
 105  42768.024
 100  42891.364
  95  44096.126
  90  45147.196
  85  46102.154
  80  48274.589
  75  49130.234
  70  50942.237
  65  52949.027
  60  54874.790
  55  58382.239
  50  60552.270
  45  64337.791
  40  67967.172
  35  73070.233
  30  79530.346
  25  88100.468
  20  98256.473
  15 115072.836
  10 138792.076
   5 179965.717
   0 261456.615
  -5 430064.616
 -10 227505.608
 -15  87122.308
 -20  30576.222
 -25   3410.337
 -30    601.354
 -35     72.921
 -40      8.981
 -45      2.994
 -50      4.990
