 150  30654.147
 145  24172.063
 140  24708.438
 135  25466.980
 130  25653.794
 125  26580.399
 120  26623.380
 115  26790.308
 110  26990.282
 105  27273.681
 100  27126.219
  95  27781.496
  90  27633.129
  85  28260.219
  80  29038.571
  75  29498.319
  70  30174.562
  65  30348.285
  60  31278.251
  55  32949.612
  50  33464.193
  45  35872.171
  40  37496.270
  35  39980.920
  30  43933.640
  25  49457.932
  20  57864.795
  15  71086.369
  10  93700.459
   5 131794.453
   0 204832.635
  -5 401595.689
 -10 120895.746
 -15  52247.638
 -20   3283.477
 -25    327.648
 -30     13.985
 -35      0.000
 -40      0.000
 -45      0.000
 -50      0.000
