 150  11521.002
 145     71.923
 140     62.932
 135    106.887
 130    102.787
 125    121.869
 120    146.842
 115    190.796
 110    256.727
 105    277.701
 100    411.563
  95    639.321
  90    864.066
  85   1444.994
  80   2253.311
  75   3435.310
  70   5249.357
  65   7897.487
  60  10803.343
  55  14641.275
  50  18235.488
  45  21863.393
  40  24441.333
  35  26444.049
  30  27591.257
  25  28540.376
  20  30051.694
  15  32355.121
  10  35732.659
   5  42527.326
   0  59882.522
  -5 115762.792
 -10  16251.360
 -15     28.940
 -20      0.000
 -25      0.000
 -30      0.000
 -35      0.000
 -40      0.000
 -45      0.000
 -50      0.000
