 150  46737.645
 145  35525.810
 140  35351.997
 135  35773.045
 130  35961.416
 125  37005.182
 120  36971.219
 115  37783.496
 110  38141.341
 105  38522.588
 100  38952.554
  95  39425.091
  90  40072.641
  85  40639.470
  80  41686.293
  75  42551.300
  70  44125.521
  65  45421.081
  60  47001.286
  55  50221.012
  50  51822.602
  45  55157.885
  40  58404.927
  35  62827.445
  30  68407.325
  25  74877.656
  20  83784.931
  15  95438.118
  10 110079.884
   5 134192.743
   0 182767.767
  -5 300926.577
 -10  89949.624
 -15  54296.389
 -20  11314.859
 -25   1486.404
 -30    216.767
 -35     27.970
 -40      5.988
 -45      1.996
 -50      1.996
