 150  64132.412
 145  43945.802
 140  43868.841
 135  45601.617
 130  46563.474
 125  47440.954
 120  47762.655
 115  49314.135
 110  50455.265
 105  50973.153
 100  52144.622
  95  53514.168
  90  54937.612
  85  56700.120
  80  59225.751
  75  60931.560
  70  63619.609
  65  66304.656
  60  69218.313
  55  73839.622
  50  78306.291
  45  83226.390
  40  89421.629
  35  96241.011
  30 104217.757
  25 113034.714
  20 124951.677
  15 138999.159
  10 156510.065
   5 184021.361
   0 233449.394
  -5 341346.706
 -10 670701.307
 -15 155269.970
 -20 111038.855
 -25  50494.769
 -30   8363.018
 -35   2068.770
 -40    519.916
 -45    109.772
 -50     48.899
