 150  66216.072
 145  42386.435
 140  43280.473
 135  44198.106
 130  45295.058
 125  46146.347
 120  46787.656
 115  47883.669
 110  49531.200
 105  50341.882
 100  51547.154
  95  52885.782
  90  54222.331
  85  56342.807
  80  58967.348
  75  61346.114
  70  64031.103
  65  67235.587
  60  70972.421
  55  76465.799
  50  80562.878
  45  87263.880
  40  93921.301
  35 100924.279
  30 110925.533
  25 122067.022
  20 136492.271
  15 155866.975
  10 180582.235
   5 221556.826
   0 314176.540
  -5 631205.249
 -10 568754.541
 -15 197150.111
 -20 146426.884
 -25  85004.705
 -30  20054.462
 -35   5058.547
 -40   1633.596
 -45    419.131
 -50    176.633
