 150  31336.726
 145  24003.197
 140  25478.610
 135  25950.467
 130  27682.586
 125  29514.243
 120  30422.266
 115  31731.983
 110  32472.384
 105  33592.888
 100  34241.567
  95  35698.053
  90  37478.448
  85  37071.890
  80  39310.235
  75  39868.182
  70  41569.271
  65  42047.715
  60  42673.955
  55  44215.468
  50  45945.884
  45  45683.658
  40  47373.794
  35  49887.334
  30  55268.476
  25  57109.721
  20  67102.864
  15  59890.438
  10  60106.506
   5  66339.685
   0  78492.990
  -5 110190.355
 -10  30724.339
 -15   2170.498
 -20    221.762
 -25     39.957
 -30     18.980
 -35     12.986
 -40      9.979
 -45      6.986
 -50     12.973
