 150  18397.678
 145     73.921
 140     89.903
 135    117.875
 130    126.737
 125    129.860
 120    169.817
 115    198.787
 110    265.717
 105    395.574
 100    544.422
  95    807.143
  90   1203.698
  85   1727.407
  80   2808.159
  75   4037.664
  70   5881.671
  65   8264.100
  60  11195.920
  55  14705.177
  50  18134.596
  45  21801.500
  40  24472.269
  35  26746.421
  30  28720.068
  25  30057.748
  20  31413.231
  15  34383.934
  10  37922.309
   5  45548.036
   0  67984.747
  -5 174909.887
 -10  77608.196
 -15   1041.838
 -20      5.994
 -25      0.000
 -30      0.000
 -35      0.000
 -40      0.000
 -45      0.000
 -50      0.000
