 150  46475.192
 145  32356.249
 140  32514.047
 135  33432.561
 130  33596.321
 125  34414.969
 120  34422.995
 115  35085.388
 110  35651.032
 105  36154.098
 100  36247.505
  95  37461.216
  90  38685.143
  85  39487.865
  80  40786.165
  75  41988.904
  70  43644.039
  65  45412.091
  60  47538.706
  55  50472.691
  50  53377.886
  45  57538.916
  40  62116.233
  35  67452.833
  30  75052.169
  25  84790.020
  20  97574.108
  15 117645.178
  10 143884.612
   5 184090.103
   0 253516.994
  -5 383427.006
 -10 198087.563
 -15  76871.492
 -20  34207.296
 -25   3714.011
 -30    669.281
 -35     81.912
 -40     13.971
 -45      2.994
 -50      0.000
