 150  39654.400
 145  29310.521
 140  29714.057
 135  30151.040
 130  30665.400
 125  30963.683
 120  31146.517
 115  31689.029
 110  32455.435
 105  32804.702
 100  32793.174
  95  33789.116
  90  34065.142
  85  34639.949
  80  36298.499
  75  37092.163
  70  38627.437
  65  39836.097
  60  41597.117
  55  43621.064
  50  45964.818
  45  48955.829
  40  52581.998
  35  56505.581
  30  62135.081
  25  69167.783
  20  80445.521
  15  94669.946
  10 115889.650
   5 154267.163
   0 234230.782
  -5 454970.481
 -10 119458.482
 -15  76708.829
 -20  16079.746
 -25   1833.031
 -30    283.695
 -35     27.970
 -40      1.996
 -45      0.000
 -50      0.000
