 150  27578.581
 145  23943.309
 140  23997.179
 135  24155.371
 130  24724.721
 125  24945.159
 120  24761.382
 115  24632.618
 110  25164.225
 105  25214.894
 100  25109.359
  95  25463.983
  90  25642.281
  85  25921.110
  80  26174.531
  75  26460.581
  70  27130.834
  65  27194.684
  60  27956.863
  55  29274.559
  50  29672.251
  45  30733.858
  40  32461.707
  35  33577.227
  30  35862.340
  25  38531.656
  20  42650.151
  15  48992.186
  10  57910.862
   5  71350.298
   0  97766.406
  -5 173820.149
 -10  63012.564
 -15  39331.427
 -20   2293.537
 -25    257.723
 -30     23.974
 -35      1.998
 -40      1.996
 -45      0.000
 -50      0.000
