 150  65989.544
 145  30573.195
 140  30910.771
 135  31361.725
 130  31501.666
 125  32233.285
 120  32291.287
 115  32336.335
 110  33280.556
 105  33620.824
 100  33904.925
  95  34660.191
  90  35039.088
  85  35741.693
  80  37245.529
  75  38005.144
  70  39529.466
  65  40779.122
  60  42587.091
  55  45222.386
  50  47403.278
  45  50021.655
  40  53826.418
  35  59093.204
  30  65424.538
  25  74065.528
  20  86007.542
  15 104447.301
  10 133161.118
   5 185552.531
   0 282699.508
  -5 518087.450
 -10  72921.906
 -15   5864.830
 -20    350.624
 -25     13.985
 -30      0.000
 -35      0.000
 -40      0.000
 -45      0.000
 -50      0.000
