 150  61822.224
 145  41100.899
 140  41598.282
 135  42034.402
 130  42941.938
 125  44194.403
 120  44809.829
 115  45655.058
 110  46311.678
 105  46798.645
 100  47726.219
  95  48786.189
  90  50032.864
  85  51555.815
  80  54005.668
  75  55388.457
  70  57449.185
  65  59941.503
  60  62935.156
  55  66969.008
  50  70392.680
  45  75612.273
  40  81263.541
  35  87908.326
  30  95502.144
  25 104913.428
  20 116376.895
  15 130940.715
  10 148867.265
   5 177111.605
   0 228750.858
  -5 350673.003
 -10 313310.820
 -15  97051.618
 -20  66753.374
 -25  11513.634
 -30   2397.425
 -35    512.447
 -40    123.742
 -45     26.944
 -50      7.983
