 150  51848.999
 145  35015.393
 140  35612.716
 135  36488.322
 130  36864.543
 125  37361.799
 120  38114.027
 115  38460.770
 110  40044.353
 105  40689.218
 100  41003.454
  95  42917.422
  90  44039.349
  85  45644.060
  80  47541.114
  75  49020.352
  70  50912.218
  65  53895.954
  60  56620.906
  55  60842.533
  50  64260.242
  45  69391.181
  40  74287.003
  35  80700.305
  30  87549.709
  25  96473.484
  20 107030.942
  15 122564.875
  10 143958.532
   5 176516.245
   0 245769.977
  -5 416463.422
 -10 146993.430
 -15  74988.399
 -20  52113.083
 -25   7460.987
 -30   1679.197
 -35    294.682
 -40     68.856
 -45     19.959
 -50     12.973
