 150  58168.834
 145  38093.088
 140  38950.129
 135  39703.874
 130  40632.768
 125  41911.903
 120  42356.467
 115  43277.606
 110  44815.272
 105  45887.625
 100  46935.155
  95  48040.980
  90  49801.165
  85  51465.004
  80  53785.073
  75  55677.203
  70  58751.842
  65  61105.251
  60  64573.325
  55  69190.620
  50  72998.964
  45  79211.764
  40  85243.291
  35  92324.150
  30 100706.539
  25 111652.197
  20 124378.293
  15 142465.422
  10 167198.596
   5 210996.390
   0 294787.853
  -5 513724.023
 -10 190731.804
 -15  87299.940
 -20  70836.992
 -25  21843.540
 -30   3558.179
 -35   1085.829
 -40    234.511
 -45     85.822
 -50     47.901
