 150  56369.582
 145  38215.994
 140  39075.993
 135  39867.700
 130  40784.413
 125  41454.354
 120  41926.929
 115  42674.253
 110  44811.276
 105  44777.819
 100  45834.232
  95  46912.179
  90  47803.277
  85  49439.216
  80  51408.071
  75  52901.131
  70  55242.559
  65  57138.519
  60  59863.467
  55  64008.191
  50  67226.068
  45  72431.907
  40  77434.478
  35  83828.804
  30  91940.980
  25 102785.711
  20 116157.131
  15 137055.118
  10 164046.978
   5 212465.599
   0 301026.681
  -5 490443.839
 -10 107405.456
 -15  59989.522
 -20   7638.804
 -25   1295.609
 -30    136.853
 -35     31.966
 -40      2.994
 -45      0.000
 -50      0.000
