 150  18667.135
 145    402.568
 140    482.481
 135    697.261
 130    898.137
 125   1352.545
 120   1866.993
 115   2538.282
 110   3440.339
 105   4651.990
 100   6350.256
  95   8331.152
  90  10458.684
  85  13300.349
  80  16156.379
  75  18883.700
  70  21437.954
  65  23626.554
  60  25268.760
  55  26954.024
  50  27853.197
  45  28794.934
  40  29441.996
  35  29754.171
  30  30992.621
  25  32306.303
  20  34506.905
  15  37944.096
  10  43763.042
   5  55965.837
   0  87366.850
  -5 262766.497
 -10  48822.937
 -15    953.022
 -20     17.981
 -25      0.000
 -30      0.000
 -35      0.000
 -40      0.000
 -45      0.000
 -50      0.000
