 150  14656.485
 145   3855.863
 140   4919.706
 135   6364.254
 130   8084.233
 125  10139.090
 120  12224.858
 115  14523.445
 110  17089.816
 105  18968.571
 100  21059.635
  95  23039.532
  90  24655.323
  85  25904.145
  80  27352.080
  75  27686.237
  70  28382.489
  65  28127.706
  60  28771.984
  55  29645.131
  50  29336.610
  45  30378.630
  40  30886.004
  35  31369.814
  30  32834.637
  25  34539.904
  20  37384.811
  15  41649.102
  10  48762.678
   5  61074.345
   0  85941.788
  -5 163488.598
 -10  39777.660
 -15    815.308
 -20     25.972
 -25      0.999
 -30      0.000
 -35      0.000
 -40      0.000
 -45      0.000
 -50      0.000
