 150  30904.626
 145  24755.388
 140  25742.327
 135  25995.419
 130  27145.700
 125  29341.429
 120  29918.807
 115  30518.284
 110  31443.481
 105  32526.035
 100  33120.760
  95  34223.620
  90  35407.689
  85  35401.365
  80  37466.071
  75  37994.194
  70  39111.916
  65  40072.842
  60  40724.059
  55  42139.700
  50  43176.844
  45  43352.523
  40  45175.351
  35  47185.948
  30  52936.987
  25  54357.674
  20  64657.493
  15  55423.254
  10  57004.834
   5  62514.797
   0  72677.993
  -5  96554.649
 -10  33120.375
 -15   4289.104
 -20    525.436
 -25    125.865
 -30     68.926
 -35     47.948
 -40     42.911
 -45     46.903
 -50     53.888
