 150  44765.753
 145  34758.634
 140  35195.165
 135  35367.475
 130  35358.666
 125  36562.659
 120  36596.622
 115  36862.483
 110  37425.105
 105  37509.677
 100  37912.661
  95  38080.520
  90  38990.812
  85  39444.954
  80  40496.767
  75  41606.315
  70  42541.226
  65  43865.757
  60  45182.248
  55  47707.714
  50  49875.683
  45  53152.072
  40  56352.182
  35  60883.484
  30  66193.709
  25  73500.134
  20  84532.128
  15 101641.431
  10 128000.655
   5 179270.284
   0 276944.387
  -5 445629.319
 -10  65554.172
 -15  22255.841
 -20   1911.948
 -25    236.746
 -30     17.981
 -35      1.998
 -40      0.998
 -45      0.000
 -50      0.000
