 150  49351.201
 145  36694.627
 140  36898.334
 135  38009.672
 130  38153.869
 125  38907.097
 120  39084.984
 115  39137.045
 110  40769.580
 105  40744.159
 100  40603.798
  95  41872.531
  90  42244.292
  85  43173.243
  80  44443.557
  75  45732.837
  70  47459.933
  65  48793.498
  60  51041.977
  55  53993.956
  50  56735.293
  45  60728.321
  40  64624.034
  35  70163.201
  30  77701.316
  25  86165.544
  20  99437.105
  15 119341.231
  10 149033.087
   5 203790.925
   0 311310.455
  -5 537343.475
 -10  94400.402
 -15  48506.349
 -20   4220.471
 -25    706.241
 -30     55.940
 -35      6.992
 -40      0.000
 -45      3.992
 -50      0.998
