 150  16884.829
 145    433.535
 140    572.385
 135    868.079
 130   1102.713
 125   1636.239
 120   2238.594
 115   3053.729
 110   4363.357
 105   5913.643
 100   7689.841
  95  10288.074
  90  12725.244
  85  15575.603
  80  18634.222
  75  21147.288
  70  23593.637
  65  25450.564
  60  26561.340
  55  27912.022
  50  28638.357
  45  29294.891
  40  29859.102
  35  30954.676
  30  31875.638
  25  33275.296
  20  36141.148
  15  40433.413
  10  47281.267
   5  61774.654
   0  97109.760
  -5 224586.982
 -10  58740.407
 -15    362.249
 -20      0.999
 -25      1.998
 -30      0.000
 -35      0.000
 -40      0.000
 -45      0.000
 -50      0.000
