 150  66472.471
 145  43190.570
 140  43805.909
 135  45048.204
 130  45416.806
 125  46242.243
 120  46555.952
 115  47294.348
 110  48099.774
 105  48952.376
 100  49313.530
  95  50298.533
  90  51206.646
  85  52640.560
  80  54900.806
  75  56340.490
  70  58624.978
  65  60149.279
  60  63180.828
  55  67454.486
  50  69998.172
  45  75600.298
  40  80254.712
  35  86741.837
  30  94752.951
  25 105425.878
  20 118250.998
  15 136931.251
  10 165110.836
   5 213762.419
   0 318845.222
  -5 609143.028
 -10 148111.114
 -15 107428.194
 -20  56247.702
 -25   8396.982
 -30   2228.606
 -35    423.544
 -40     94.802
 -45     15.967
 -50     16.965
