 150  17105.387
 145     12.986
 140      7.991
 135     13.985
 130     19.959
 125     31.966
 120     35.961
 115     27.970
 110     53.943
 105     45.951
 100     76.918
  95     81.913
  90    123.866
  85    140.707
  80    196.591
  75    326.649
  70    478.486
  65    761.180
  60   1395.496
  55   2339.485
  50   4016.702
  45   6713.995
  40  10321.614
  35  14585.691
  30  19201.320
  25  23308.966
  20  26781.210
  15  29986.674
  10  33032.556
   5  39161.901
   0  52875.970
  -5 114040.252
 -10   3893.940
 -15      4.990
 -20      0.000
 -25      0.000
 -30      0.000
 -35      0.000
 -40      0.000
 -45      0.000
 -50      0.000
