 150  57692.826
 145  37252.029
 140  38348.775
 135  39531.058
 130  40481.042
 125  41390.423
 120  41696.177
 115  43017.885
 110  44278.843
 105  45220.343
 100  46149.897
  95  47654.391
  90  48848.146
  85  50999.971
  80  52921.922
  75  55307.544
  70  57667.949
  65  60213.211
  60  62950.140
  55  67091.876
  50  70774.272
  45  75822.834
  40  81732.568
  35  88363.381
  30  97046.481
  25 108008.107
  20 124340.334
  15 145527.975
  10 178186.806
   5 230847.839
   0 315239.346
  -5 470653.922
 -10 294901.963
 -15  89638.001
 -20  42088.839
 -25   5534.056
 -30   1033.890
 -35    160.826
 -40     23.950
 -45      1.996
 -50      6.985
