 150  48872.199
 145  34070.408
 140  34385.036
 135  35092.767
 130  35465.480
 125  36208.040
 120  36504.757
 115  36940.400
 110  37630.923
 105  38287.802
 100  38196.435
  95  39486.066
  90  40135.613
  85  41248.245
  80  43196.109
  75  44435.277
  70  46020.528
  65  48182.156
  60  50642.357
  55  54199.735
  50  56605.489
  45  61622.456
  40  65894.401
  35  71865.663
  30  79866.983
  25  89265.218
  20 102280.049
  15 121090.464
  10 149292.809
   5 198114.225
   0 279884.598
  -5 433338.822
 -10 114389.984
 -15  64233.779
 -20  23044.273
 -25   2689.112
 -30    580.377
 -35     90.902
 -40     19.958
 -45      9.979
 -50      6.986
