 150  54379.727
 145  36755.525
 140  37020.203
 135  37941.744
 130  37786.668
 125  39006.030
 120  39284.769
 115  39879.249
 110  41020.313
 105  41793.031
 100  41759.651
  95  43075.254
  90  44866.499
  85  45309.801
  80  47553.042
  75  49421.921
  70  51535.599
  65  53918.983
  60  56741.776
  55  60881.552
  50  64152.421
  45  70157.651
  40  76235.963
  35  81862.889
  30  91994.921
  25 104104.296
  20 118727.368
  15 140379.671
  10 170686.853
   5 221287.337
   0 309245.028
  -5 516692.862
 -10 206438.260
 -15  93515.050
 -20  71777.982
 -25  13822.155
 -30   2866.921
 -35    659.289
 -40    111.767
 -45     43.909
 -50      8.981
