 150  11102.884
 145     43.953
 140     46.949
 135     56.940
 130     66.861
 125     64.930
 120     82.911
 115     99.893
 110    126.865
 105    156.831
 100    222.763
  95    328.651
  90    456.506
  85    663.620
  80   1097.716
  75   1784.082
  70   2774.018
  65   4480.175
  60   6644.837
  55   9771.496
  50  13458.599
  45  16942.658
  40  20936.619
  35  24033.059
  30  25973.027
  25  27706.243
  20  29261.544
  15  31239.324
  10  34200.303
   5  40248.733
   0  55254.066
  -5 112564.316
 -10  15141.657
 -15     25.946
 -20      0.000
 -25      0.000
 -30      0.000
 -35      0.000
 -40      0.000
 -45      0.000
 -50      0.000
