 150  26728.325
 145  22704.638
 140  23677.547
 135  24824.661
 130  25417.285
 125  26541.441
 120  26674.325
 115  26754.346
 110  26917.360
 105  27421.522
 100  27234.105
  95  27513.780
  90  27881.860
  85  28454.814
  80  28454.786
  75  29006.847
  70  29519.267
  65  29431.273
  60  30222.390
  55  31073.627
  50  31471.326
  45  33091.970
  40  34062.389
  35  36119.943
  30  38172.850
  25  42300.611
  20  46812.676
  15  53848.951
  10  64252.058
   5  80847.170
   0 115463.913
  -5 212281.516
 -10  53177.922
 -15   9288.735
 -20    518.444
 -25     27.970
 -30      0.999
 -35      0.000
 -40      0.000
 -45      0.000
 -50      0.000
