 150  16905.785
 145    184.802
 140    241.740
 135    223.763
 130    316.344
 125    362.610
 120    411.558
 115    554.406
 110    743.208
 105    987.937
 100   1375.539
  95   1892.990
  90   2865.899
  85   4124.421
  80   5738.065
  75   7832.588
  70  10435.771
  65  13379.590
  60  16534.160
  55  20178.288
  50  22662.751
  45  25479.824
  40  27271.466
  35  28904.936
  30  29949.744
  25  32132.522
  20  34085.358
  15  37655.407
  10  42772.106
   5  52589.466
   0  75171.920
  -5 152996.380
 -10  71871.083
 -15   1544.795
 -20     38.958
 -25      0.999
 -30      0.000
 -35      0.000
 -40      0.000
 -45      0.000
 -50      0.000
