 150  35263.546
 145  19771.785
 140  21274.130
 135  22396.238
 130  23644.960
 125  24650.476
 120  25256.849
 115  25891.270
 110  26411.898
 105  26880.104
 100  27130.215
  95  27504.790
  90  27957.778
  85  27968.825
  80  29193.249
  75  29449.371
  70  30003.746
  65  30875.716
  60  31745.746
  55  33530.988
  50  34559.022
  45  36498.863
  40  38450.293
  35  41760.222
  30  46057.350
  25  52185.005
  20  60849.587
  15  76119.943
  10  99877.831
   5 143161.245
   0 277505.783
  -5 811134.895
 -10 380949.435
 -15 124948.856
 -20  19724.835
 -25   1854.009
 -30    162.825
 -35     24.973
 -40      1.996
 -45      0.998
 -50      0.000
