 150  61135.654
 145  39253.802
 140  39658.367
 135  40835.673
 130  41994.903
 125  43112.611
 120  43848.819
 115  44515.280
 110  46648.273
 105  47066.404
 100  47765.178
  95  49207.692
  90  50939.883
  85  52514.769
  80  55267.045
  75  57678.054
  70  60001.438
  65  63412.705
  60  66710.020
  55  71713.908
  50  75785.985
  45  82501.819
  40  88023.527
  35  96858.728
  30 105910.934
  25 119465.813
  20 136060.735
  15 160492.989
  10 193868.979
   5 257883.775
   0 427764.095
  -5 1018387.845
 -10 383178.055
 -15 159538.118
 -20 126531.232
 -25  90159.169
 -30  27491.474
 -35   5904.635
 -40   1990.851
 -45    672.606
 -50    166.654
