 150  61193.534
 145  41405.489
 140  42013.835
 135  42672.724
 130  43296.204
 125  44810.784
 120  45539.999
 115  46019.667
 110  47599.259
 105  47973.429
 100  48417.484
  95  49757.108
  90  51495.282
  85  52821.132
  80  54657.313
  75  56420.404
  70  59407.078
  65  61250.034
  60  64187.741
  55  68749.095
  50  72115.908
  45  77158.969
  40  82723.514
  35  88790.493
  30  96623.936
  25 106570.650
  20 118607.497
  15 133281.323
  10 152566.296
   5 182169.168
   0 241586.366
  -5 370302.622
 -10 186606.352
 -15  71491.726
 -20  28158.786
 -25   3521.218
 -30    711.236
 -35    122.868
 -40     33.929
 -45     14.969
 -50      5.988
