 150  44270.784
 145  33179.365
 140  33143.371
 135  33682.297
 130  34111.253
 125  34573.799
 120  34515.895
 115  35231.232
 110  36120.532
 105  36110.145
 100  36275.475
  95  37101.598
  90  38475.370
  85  38621.667
  80  39887.035
  75  41040.922
  70  42101.699
  65  43158.518
  60  44891.562
  55  47689.686
  50  49798.715
  45  52716.980
  40  56298.294
  35  60620.032
  30  65809.124
  25  72226.501
  20  80615.339
  15  92262.541
  10 106965.226
   5 127730.690
   0 172754.607
  -5 291557.726
 -10  84413.096
 -15  50488.237
 -20   6625.890
 -25    931.000
 -30     89.903
 -35     10.988
 -40      0.998
 -45      0.000
 -50      0.000
