 150  53713.116
 145  36355.954
 140  36645.606
 135  37884.804
 130  38349.501
 125  39385.621
 120  40117.873
 115  40956.095
 110  42586.645
 105  43460.237
 100  44078.189
  95  45427.756
  90  47222.952
  85  48289.606
  80  50845.191
  75  52415.706
  70  54659.241
  65  56926.747
  60  59976.286
  55  63516.720
  50  66815.574
  45  71381.099
  40  76068.310
  35  81851.912
  30  88961.189
  25  98022.822
  20 108257.623
  15 122146.326
  10 137611.343
   5 159140.084
   0 196330.969
  -5 289683.906
 -10  97296.402
 -15  42465.926
 -20   8336.055
 -25   1143.772
 -30    146.842
 -35     23.974
 -40      2.994
 -45      3.992
 -50      6.986
