 150  75570.511
 145  50109.133
 140  50725.470
 135  52157.661
 130  52986.107
 125  54110.777
 120  55038.833
 115  55970.056
 110  58395.808
 105  58851.734
 100  59842.328
  95  62223.856
  90  64203.596
  85  65809.183
  80  69271.914
  75  71996.676
  70  75562.770
  65  78464.572
  60  82465.020
  55  89197.113
  50  94014.499
  45 102255.695
  40 110383.286
  35 121019.642
  30 134960.647
  25 155947.668
  20 186062.169
  15 233504.049
  10 298811.375
   5 395908.794
   0 549722.922
  -5 923162.438
 -10 355420.569
 -15 150897.040
 -20  99156.704
 -25  22473.863
 -30   4812.831
 -35   1158.752
 -40    272.432
 -45     79.834
 -50     26.944
