 150  75615.493
 145  39443.638
 140  40276.703
 135  41461.010
 130  42391.123
 125  43692.986
 120  44690.957
 115  46121.558
 110  47779.115
 105  48611.694
 100  50718.137
  95  52746.983
  90  54683.887
  85  57806.820
  80  61882.223
  75  65297.870
  70  69360.438
  65  74029.344
  60  80380.270
  55  89422.870
  50  96426.920
  45 106787.242
  40 119354.578
  35 135299.847
  30 158892.872
  25 196953.669
  20 269359.439
  15 422486.559
  10 773563.966
   5 1537927.266
   0 3046143.805
  -5 4959988.025
 -10 5478869.782
 -15 3569684.474
 -20 1545221.977
 -25 632950.211
 -30 334842.379
 -35 189284.951
 -40  86106.468
 -45  28925.010
 -50   7997.405
