 150  24741.488
 145  21884.518
 140  22288.018
 135  22495.133
 130  22752.811
 125  23490.724
 120  23283.970
 115  23678.640
 110  23775.703
 105  23962.241
 100  24133.394
  95  24108.421
  90  24505.510
  85  24685.678
  80  25168.624
  75  25425.693
  70  25713.358
  65  26096.868
  60  26652.269
  55  27463.504
  50  28019.020
  45  28916.651
  40  29840.141
  35  30780.039
  30  32113.382
  25  34723.741
  20  37406.788
  15  41784.956
  10  47673.846
   5  55978.823
   0  71212.161
  -5 109127.451
 -10  41523.047
 -15  18744.125
 -20    783.159
 -25     43.953
 -30      0.000
 -35      0.000
 -40      0.000
 -45      0.000
 -50      0.000
