 150  23470.112
 145  17731.974
 140  19331.219
 135  20964.756
 130  22210.935
 125  23216.020
 120  24200.984
 115  24878.355
 110  25717.636
 105  25622.456
 100  25709.722
  95  26041.344
  90  26700.137
  85  26817.220
  80  27637.486
  75  27918.016
  70  28271.608
  65  28537.237
  60  28882.835
  55  30204.560
  50  30702.149
  45  31923.408
  40  33517.518
  35  35546.135
  30  37104.002
  25  40915.098
  20  46092.451
  15  53648.167
  10  64671.607
   5  81504.464
   0 113417.134
  -5 187022.927
 -10  50921.592
 -15  10393.444
 -20    484.480
 -25     44.952
 -30      2.997
 -35      3.996
 -40      0.000
 -45      0.000
 -50      0.000
