 150 116770.766
 145  45083.580
 140  45347.252
 135  46791.354
 130  47254.042
 125  48922.360
 120  50177.060
 115  51343.959
 110  52956.601
 105  54840.991
 100  56025.501
  95  58053.347
  90  61079.973
  85  64284.353
  80  68634.172
  75  72923.680
  70  77570.612
  65  84142.463
  60  92372.330
  55 103134.131
  50 116344.628
  45 137155.893
  40 166587.664
  35 219501.875
  30 317011.579
  25 501497.893
  20 846530.979
  15 1462723.184
  10 2500276.204
   5 4012321.766
   0 5863145.331
  -5 7356135.020
 -10 7622759.642
 -15 6133818.461
 -20 3772101.535
 -25 1798629.272
 -30 753092.179
 -35 335045.821
 -40 145387.866
 -45  53661.706
 -50  16276.227
