 150  13080.766
 145     12.986
 140     10.988
 135     13.985
 130     20.957
 125     34.962
 120     30.967
 115     42.954
 110     46.950
 105     40.956
 100     55.941
  95     85.909
  90    114.876
  85    166.654
  80    212.558
  75    339.635
  70    572.385
  65    972.952
  60   1654.217
  55   2815.973
  50   4779.886
  45   7561.227
  40  11141.914
  35  15542.702
  30  19509.988
  25  23225.056
  20  26380.641
  15  28849.900
  10  31557.139
   5  36725.520
   0  50539.787
  -5 147445.902
 -10   4761.144
 -15      4.990
 -20      0.000
 -25      0.000
 -30      0.000
 -35      0.000
 -40      0.000
 -45      0.000
 -50      0.000
