 150  45913.362
 145  32545.047
 140  33166.346
 135  33814.157
 130  33911.667
 125  34468.911
 120  34554.854
 115  35155.314
 110  36079.575
 105  36321.918
 100  36625.104
  95  37060.642
  90  37962.924
  85  39347.158
  80  40813.109
  75  41712.201
  70  43424.275
  65  44614.950
  60  46515.809
  55  49731.489
  50  52548.773
  45  56485.116
  40  60128.354
  35  65829.207
  30  72590.820
  25  80634.479
  20  93444.547
  15 112485.740
  10 138666.211
   5 183798.417
   0 258772.153
  -5 390509.303
 -10 275508.147
 -15  80462.041
 -20  43685.126
 -25   4344.334
 -30    834.104
 -35    118.872
 -40     13.971
 -45      2.994
 -50      0.000
