 150  51980.724
 145  35905.438
 140  36075.219
 135  36676.087
 130  36902.501
 125  38205.890
 120  38260.870
 115  38500.727
 110  39740.676
 105  40238.703
 100  40909.554
  95  42190.194
  90  42829.701
  85  44003.517
  80  46003.267
  75  47495.989
  70  49623.655
  65  51325.773
  60  54026.705
  55  57747.921
  50  61446.314
  45  65882.569
  40  70925.970
  35  76821.365
  30  85264.170
  25  95460.571
  20 110556.152
  15 131076.699
  10 161969.207
   5 212675.586
   0 299687.744
  -5 490946.286
 -10 506707.103
 -15 126093.482
 -20 113184.553
 -25  56654.153
 -30   9071.257
 -35   2621.174
 -40    681.579
 -45    128.733
 -50     32.932
