 150  24309.388
 145   1494.397
 140   1961.889
 135   2611.232
 130   3497.746
 125   4690.953
 120   5982.569
 115   7487.980
 110   9488.904
 105  11595.512
 100  13578.580
  95  16366.619
  90  18549.929
  85  20972.398
  80  23236.645
  75  24880.254
  70  26218.815
  65  27317.579
  60  27836.992
  55  28751.093
  50  29396.546
  45  29877.675
  40  30485.833
  35  31599.337
  30  32582.908
  25  34160.312
  20  37077.142
  15  41632.121
  10  48737.704
   5  63195.065
   0  97371.221
  -5 227428.858
 -10  71464.069
 -15   3618.492
 -20    115.876
 -25      2.997
 -30      0.000
 -35      0.000
 -40      0.000
 -45      0.000
 -50      0.000
