 150  31932.485
 145  25853.259
 140  25967.085
 135  26099.309
 130  26433.178
 125  27021.924
 120  27019.954
 115  27151.920
 110  27601.632
 105  27662.263
 100  27799.505
  95  28242.007
  90  28655.024
  85  29001.677
  80  29830.922
  75  30304.453
  70  30972.704
  65  31159.410
  60  32297.151
  55  33952.535
  50  35118.423
  45  36702.439
  40  39041.068
  35  41109.574
  30  44212.339
  25  48918.510
  20  55513.323
  15  64603.358
  10  76059.388
   5  93548.529
   0 124585.106
  -5 202257.316
 -10  97650.863
 -15  49101.164
 -20   4557.110
 -25    561.397
 -30     42.954
 -35      8.990
 -40      0.000
 -45      0.000
 -50      0.998
