 150  42555.357
 145  34245.221
 140  34106.336
 135  34812.099
 130  34744.939
 125  35417.890
 120  35495.842
 115  35935.477
 110  36469.160
 105  36488.738
 100  36338.409
  95  37377.305
  90  37908.982
  85  38680.544
  80  39208.446
  75  39940.104
  70  41006.877
  65  41929.842
  60  43373.200
  55  45091.482
  50  46960.752
  45  49727.219
  40  52299.583
  35  55879.882
  30  60291.067
  25  66492.653
  20  75049.322
  15  87192.007
  10 103471.975
   5 131229.928
   0 182673.145
  -5 288908.227
 -10 163431.370
 -15  65745.578
 -20  10133.127
 -25   1225.684
 -30    117.873
 -35     12.986
 -40      5.988
 -45      0.000
 -50      0.000
