 150  14391.038
 145   1169.745
 140   1539.344
 135   2053.823
 130   2870.048
 125   3778.934
 120   4983.643
 115   6503.035
 110   8356.109
 105  10252.958
 100  12672.542
  95  15153.907
  90  17484.082
  85  19892.643
  80  22276.642
  75  24270.909
  70  25826.237
  65  26977.945
  60  27721.117
  55  29152.661
  50  29759.158
  45  30772.808
  40  31847.013
  35  32515.433
  30  33922.466
  25  35484.889
  20  38833.254
  15  43383.233
  10  48897.533
   5  60227.256
   0  82283.332
  -5 150466.631
 -10  56270.520
 -15   1782.302
 -20     43.953
 -25      2.997
 -30      0.000
 -35      0.000
 -40      0.000
 -45      0.000
 -50      0.000
