 150  56475.362
 145  37342.931
 140  38064.081
 135  39487.104
 130  39493.091
 125  40504.377
 120  41234.673
 115  41803.187
 110  43261.926
 105  44204.436
 100  44043.138
  95  45353.834
  90  47240.885
  85  48183.826
  80  50379.211
  75  52121.969
  70  54530.325
  65  55810.947
  60  58676.746
  55  62707.589
  50  66439.909
  45  71077.732
  40  75917.623
  35  81327.002
  30  88504.680
  25  96922.003
  20 106999.975
  15 120660.807
  10 137392.578
   5 163152.611
   0 208895.839
  -5 315507.007
 -10 176025.276
 -15  70867.949
 -20  56493.383
 -25  11267.898
 -30   2023.826
 -35    486.475
 -40     91.809
 -45     26.944
 -50      9.979
