 150  43121.179
 145  33885.607
 140  34618.785
 135  34972.894
 130  35238.950
 125  35762.520
 120  35992.308
 115  36623.739
 110  37467.098
 105  37338.823
 100  37672.991
  95  38492.121
  90  39010.829
  85  40025.786
  80  41072.528
  75  41874.027
  70  42995.780
  65  44335.295
  60  45809.571
  55  48205.179
  50  49864.695
  45  52849.755
  40  56003.904
  35  60348.596
  30  65108.878
  25  71855.899
  20  81026.896
  15  93103.634
  10 110829.080
   5 142269.203
   0 205732.574
  -5 370437.343
 -10  86808.134
 -15  50587.082
 -20   4194.499
 -25    588.368
 -30     35.961
 -35      7.991
 -40      0.000
 -45      2.994
 -50      0.000
