 150  41133.319
 145  31059.673
 140  31420.223
 135  31860.196
 130  32005.620
 125  32702.779
 120  32755.788
 115  32798.840
 110  33731.076
 105  34064.347
 100  34331.471
  95  35074.751
  90  35447.646
  85  36117.911
  80  37609.772
  75  38260.870
  70  39719.262
  65  40869.025
  60  42557.123
  55  45061.559
  50  47095.608
  45  49467.810
  40  52868.404
  35  57786.919
  30  63316.808
  25  70916.906
  20  81063.856
  15  96682.679
  10 118932.386
   5 159702.320
   0 238448.842
  -5 400096.400
 -10  75469.627
 -15  50127.984
 -20   5082.546
 -25    793.148
 -30     95.897
 -35      3.996
 -40      0.000
 -45      2.994
 -50      0.000
