 150  13615.639
 145     56.939
 140     52.943
 135     71.924
 130     83.826
 125    108.883
 120    116.874
 115    142.847
 110    147.843
 105    219.764
 100    326.653
  95    443.529
  90    667.278
  85    985.949
  80   1605.660
  75   2477.339
  70   3843.864
  65   6183.341
  60   9016.271
  55  12560.485
  50  16620.216
  45  20751.691
  40  24222.786
  35  26639.643
  30  28516.288
  25  30314.473
  20  31593.037
  15  33534.849
  10  36160.200
   5  41947.906
   0  54527.510
  -5  85533.433
 -10  32215.250
 -15     42.911
 -20      0.000
 -25      0.000
 -30      0.000
 -35      0.000
 -40      0.000
 -45      0.000
 -50      0.000
