 150  60151.704
 145  39823.190
 140  39906.101
 135  40998.501
 130  42329.209
 125  42509.260
 120  43535.156
 115  44039.789
 110  46005.958
 105  46504.008
 100  47623.329
  95  49373.516
  90  50648.199
  85  52222.377
  80  54590.452
  75  56636.173
  70  59202.298
  65  61651.601
  60  64747.138
  55  69328.472
  50  73228.718
  45  79587.900
  40  85566.620
  35  92882.989
  30 102419.694
  25 114625.007
  20 131107.060
  15 154653.284
  10 189986.145
   5 249380.916
   0 357375.377
  -5 605930.694
 -10 158794.977
 -15  85729.198
 -20  47358.185
 -25   6592.919
 -30   1530.356
 -35    368.603
 -40     65.863
 -45     25.946
 -50     12.973
