 150  52131.410
 145  37620.558
 140  37823.340
 135  38965.657
 130  39401.282
 125  40629.283
 120  40984.900
 115  41551.457
 110  42353.851
 105  43031.741
 100  43654.552
  95  43957.273
  90  45043.263
  85  46375.539
  80  48191.761
  75  49042.329
  70  51242.863
  65  52461.499
  60  54944.715
  55  58451.165
  50  61569.183
  45  66194.851
  40  70127.625
  35  75930.217
  30  82935.678
  25  91398.929
  20 102310.017
  15 116043.905
  10 134408.779
   5 164805.834
   0 226537.427
  -5 364134.421
 -10  87868.936
 -15  39223.650
 -20   2843.948
 -25    409.560
 -30     32.965
 -35      4.995
 -40      0.000
 -45      2.994
 -50      0.000
