 150  29028.563
 145  22993.328
 140  23391.830
 135  23948.591
 130  24321.557
 125  24666.459
 120  24503.659
 115  24570.685
 110  25142.249
 105  25305.796
 100  25207.255
  95  26035.376
  90  25875.029
  85  26171.589
  80  27277.236
  75  27022.977
  70  27764.154
  65  27618.228
  60  28496.281
  55  29723.077
  50  30066.828
  45  31514.230
  40  32868.863
  35  33954.443
  30  36494.659
  25  39275.857
  20  43670.055
  15  50206.877
  10  58466.266
   5  70666.034
   0  94995.120
  -5 149429.784
 -10  61168.381
 -15  29776.244
 -20   1303.600
 -25    106.885
 -30      7.991
 -35      0.000
 -40      0.000
 -45      0.000
 -50      0.000
