 150  21254.726
 145  14142.825
 140  16063.731
 135  18131.762
 130  19716.109
 125  21257.127
 120  22722.573
 115  23905.397
 110  25132.259
 105  25386.709
 100  25936.481
  95  26589.762
  90  27041.768
  85  27456.890
  80  27904.930
  75  28359.542
  70  28742.102
  65  29231.488
  60  29586.077
  55  30775.947
  50  31302.506
  45  32577.044
  40  33753.030
  35  35257.734
  30  37694.365
  25  40574.464
  20  45901.656
  15  53218.630
  10  63558.801
   5  79376.749
   0 107608.112
  -5 186409.201
 -10  49740.038
 -15   4397.879
 -20    170.817
 -25      5.994
 -30      0.000
 -35      0.000
 -40      0.000
 -45      0.000
 -50      0.000
