 150  58820.477
 145  38001.225
 140  38071.074
 135  39471.121
 130  40513.974
 125  41288.532
 120  42009.839
 115  43079.818
 110  44401.712
 105  44976.605
 100  45811.257
  95  47204.868
  90  48982.001
  85  50494.023
  80  52680.425
  75  54923.957
  70  57192.461
  65  60308.108
  60  63709.321
  55  68767.075
  50  72538.384
  45  79633.884
  40  84531.766
  35  92552.676
  30 102574.527
  25 114940.669
  20 131221.936
  15 156337.312
  10 189639.517
   5 246824.663
   0 363306.136
  -5 683746.542
 -10 871903.416
 -15 234318.789
 -20 152679.175
 -25  75176.261
 -30  14966.926
 -35   3525.196
 -40    829.271
 -45    140.708
 -50     33.930
