 150     40.915
 145     67.859
 140     64.865
 135     81.828
 130     94.803
 125    124.739
 120    135.854
 115    170.817
 110    177.809
 105    208.775
 100    280.698
  95    387.589
  90    517.446
  85    780.172
  80   1112.707
  75   2030.780
  70   3408.312
  65   5979.584
  60   8814.577
  55  12857.320
  50  17674.018
  45  21760.390
  40  24131.025
  35  25088.193
  30  26305.784
  25  27103.728
  20  28433.576
  15  29402.422
  10  31748.061
   5  35734.086
   0  43846.908
  -5  65381.334
 -10   7114.259
 -15      0.998
 -20      0.000
 -25      0.000
 -30      0.000
 -35      0.000
 -40      0.000
 -45      0.000
 -50      0.000
