 150     10.977
 145     12.973
 140     30.936
 135     28.939
 130     30.936
 125     43.908
 120     45.951
 115     59.936
 110     72.922
 105     66.928
 100     98.895
  95    130.861
  90    167.820
  85    212.774
  80    276.430
  75    524.909
  70    878.050
  65   1579.305
  60   2842.961
  55   5131.540
  50   8528.849
  45  13118.753
  40  17364.039
  35  20304.072
  30  22847.888
  25  23445.679
  20  24419.871
  15  24910.222
  10  25968.214
   5  28040.249
   0  31212.415
  -5  41695.482
 -10    949.033
 -15      0.998
 -20      0.000
 -25      0.000
 -30      0.000
 -35      0.000
 -40      0.000
 -45      0.000
 -50      0.000
