 150      0.000
 145      0.000
 140      0.000
 135      0.000
 130      0.000
 125      0.000
 120      0.000
 115      0.000
 110      0.000
 105      0.000
 100      0.000
  95      0.000
  90      0.999
  85      0.999
  80      0.000
  75      0.000
  70      0.000
  65      0.000
  60      0.999
  55      0.999
  50      0.000
  45      1.998
  40      5.988
  35      8.981
  30     14.969
  25     23.974
  20     70.924
  15    271.708
  10   1564.329
   5   8173.312
   0  21204.205
  -5  30109.523
 -10      0.000
 -15      0.000
 -20      0.000
 -25      0.000
 -30      0.000
 -35      0.000
 -40      0.000
 -45      0.000
 -50      0.000
