 150   1597.672
 145   2889.000
 140   3733.250
 135   4872.709
 130   6490.526
 125   8502.196
 120  11247.897
 115  14343.609
 110  17749.919
 105  21232.154
 100  24092.077
  95  27763.543
  90  29995.844
  85  32271.824
  80  33117.711
  75  34565.174
  70  35561.522
  65  36225.130
  60  37529.918
  55  37951.582
  50  39861.229
  45  41662.837
  40  43101.736
  35  44816.499
  30  47107.817
  25  50120.920
  20  54655.409
  15  59204.355
  10  68481.793
   5  82032.799
   0 100873.561
  -5 132218.646
 -10 178668.620
 -15   2031.790
 -20     23.974
 -25      0.000
 -30      0.000
 -35      0.000
 -40      0.000
 -45      0.000
 -50      0.000
