 150     41.913
 145     50.894
 140     62.870
 135     73.845
 130     84.824
 125    117.753
 120    106.885
 115    133.856
 110    164.823
 105    193.791
 100    260.719
  95    362.615
  90    511.452
  85    752.202
  80   1163.602
  75   2178.473
  70   3602.103
  65   6189.359
  60   9686.645
  55  14207.883
  50  19232.344
  45  23601.392
  40  25761.648
  35  26787.683
  30  27811.680
  25  28237.503
  20  29622.304
  15  30652.080
  10  33156.556
   5  38792.841
   0  50656.595
  -5  83526.682
 -10    265.450
 -15      0.998
 -20      0.000
 -25      0.000
 -30      0.000
 -35      0.000
 -40      0.000
 -45      0.000
 -50      0.000
