 150   2185.448
 145   4037.618
 140   5120.370
 135   6966.287
 130   9137.022
 125  11250.442
 120  13738.218
 115  16462.336
 110  18884.680
 105  21213.196
 100  22558.727
  95  24633.839
  90  25696.813
  85  26665.788
  80  26651.046
  75  27847.134
  70  28291.389
  65  29063.844
  60  29436.503
  55  30340.687
  50  31745.937
  45  32620.639
  40  33463.697
  35  35342.019
  30  37180.334
  25  39246.692
  20  42919.990
  15  46775.716
  10  53901.433
   5  65332.551
   0  83716.173
  -5 129207.894
 -10  34849.791
 -15    290.398
 -20      0.000
 -25      0.000
 -30      0.000
 -35      1.998
 -40      0.000
 -45      0.000
 -50      0.000
