 150   1459.957
 145   2518.771
 140   3111.540
 135   4022.508
 130   5213.177
 125   6073.289
 120   7823.582
 115   8970.375
 110  10908.274
 105  12076.018
 100  14266.649
  95  17277.651
  90  18833.319
  85  20438.376
  80  23078.435
  75  25642.714
  70  27109.694
  65  28090.859
  60  28417.622
  55  29062.049
  50  30499.244
  45  31874.480
  40  33244.118
  35  35386.926
  30  37297.093
  25  34442.836
  20  36874.471
  15  39460.619
  10  42266.817
   5  47620.380
   0  49703.767
  -5  58691.216
 -10   2261.315
 -15     68.857
 -20      7.991
 -25      0.000
 -30      0.000
 -35      0.999
 -40      0.000
 -45      0.000
 -50      0.000
