 150  20161.005
 145  28894.985
 140  30310.076
 135  31924.575
 130  33248.975
 125  34081.633
 120  34696.666
 115  35034.408
 110  35771.546
 105  35553.744
 100  35464.840
  95  36621.145
  90  36367.015
  85  37006.810
  80  37233.225
  75  37945.150
  70  37750.154
  65  38667.510
  60  39122.217
  55  39397.042
  50  40834.185
  45  42014.456
  40  43496.918
  35  45214.677
  30  47823.340
  25  51524.405
  20  57544.312
  15  65102.015
  10  76893.801
   5  97779.061
   0 133203.806
  -5 231644.338
 -10  43262.317
 -15   1877.111
 -20     78.916
 -25      0.000
 -30      0.000
 -35      0.000
 -40      0.000
 -45      0.000
 -50      0.000
