 150      0.000
 145      1.996
 140      0.000
 135      0.998
 130      0.000
 125      0.000
 120      1.998
 115      4.995
 110      2.997
 105     14.984
 100     12.986
  95     13.985
  90     19.979
  85     24.974
  80     41.914
  75     36.923
  70     53.942
  65     69.925
  60    106.886
  55    141.849
  50    235.747
  45    435.527
  40    932.070
  35   2307.236
  30   5875.890
  25  11949.095
  20  19677.945
  15  25052.094
  10  27071.061
   5  29378.829
   0  33009.548
  -5  50191.852
 -10      0.000
 -15      0.000
 -20      0.000
 -25      0.000
 -30      0.000
 -35      0.000
 -40      0.000
 -45      0.000
 -50      0.000
