 150      0.000
 145      0.000
 140      0.000
 135      0.000
 130      0.000
 125      0.998
 120      0.000
 115      0.999
 110      0.000
 105      0.000
 100      0.999
  95      0.000
  90      0.000
  85      0.999
  80      0.000
  75      1.996
  70      0.000
  65      1.998
  60      5.994
  55      6.993
  50     11.987
  45     30.966
  40     31.934
  35     61.872
  30    126.739
  25    207.776
  20    657.296
  15   2558.252
  10   8979.401
   5  19920.824
   0  27332.645
  -5  33910.635
 -10      4.990
 -15      0.000
 -20      0.000
 -25      0.000
 -30      0.000
 -35      0.000
 -40      0.000
 -45      0.000
 -50      0.000
