 150    468.025
 145    783.374
 140   1025.870
 135   1385.075
 130   1952.944
 125   2809.118
 120   3935.765
 115   5643.944
 110   7710.703
 105  10753.440
 100  13782.170
  95  17613.295
  90  21208.561
  85  24632.938
  80  26402.558
  75  28974.790
  70  29790.766
  65  30730.057
  60  31089.734
  55  32145.765
  50  32918.678
  45  34290.829
  40  35593.286
  35  36775.060
  30  38287.052
  25  40945.860
  20  43432.440
  15  47840.571
  10  54070.253
   5  65515.357
   0  82841.111
  -5 115371.604
 -10  34409.703
 -15    151.686
 -20      0.999
 -25      0.000
 -30      0.000
 -35      0.000
 -40      0.000
 -45      0.000
 -50      0.000
