 150   5562.408
 145   9340.609
 140  11487.153
 135  14427.543
 130  17178.338
 125  19958.227
 120  22452.841
 115  25422.721
 110  27342.607
 105  28840.996
 100  29780.956
  95  30815.274
  90  31366.222
  85  32725.377
  80  33040.903
  75  33934.484
  70  34406.806
  65  35442.970
  60  36055.457
  55  36974.622
  50  38880.243
  45  40336.316
  40  41959.061
  35  43243.702
  30  45760.642
  25  49123.995
  20  53978.135
  15  59660.924
  10  69835.346
   5  85978.605
   0 107894.445
  -5 146247.536
 -10  38188.873
 -15    535.889
 -20     12.986
 -25      1.998
 -30      0.000
 -35      0.000
 -40      0.000
 -45      0.000
 -50      0.000
