 150     20.956
 145     26.944
 140     39.917
 135     37.920
 130     59.876
 125     46.902
 120     66.928
 115     72.922
 110     83.910
 105     92.900
 100    140.850
  95    156.834
  90    224.759
  85    341.638
  80    453.066
  75    806.324
  70   1329.561
  65   2378.448
  60   4186.525
  55   7064.483
  50  11554.602
  45  15873.761
  40  19884.819
  35  22255.043
  30  24158.186
  25  24550.485
  20  24807.456
  15  25755.313
  10  27023.085
   5  29356.852
   0  34300.093
  -5  47105.257
 -10    503.955
 -15      0.000
 -20      0.000
 -25      0.000
 -30      0.000
 -35      0.000
 -40      0.000
 -45      0.000
 -50      0.000
