 150    115.759
 145    164.658
 140    199.586
 135    202.572
 130    254.472
 125    306.358
 120    337.637
 115    461.505
 110    586.370
 105    830.107
 100   1153.759
  95   1910.972
  90   2924.865
  85   4645.081
  80   7089.382
  75  10791.575
  70  14936.838
  65  20067.468
  60  24623.702
  55  28111.062
  50  30884.861
  45  32483.788
  40  33606.401
  35  34235.338
  30  35623.509
  25  37007.069
  20  39055.133
  15  41621.257
  10  45575.280
   5  53954.646
   0  69364.433
  -5 108128.633
 -10   1813.241
 -15      3.992
 -20      0.999
 -25      0.000
 -30      0.000
 -35      0.000
 -40      0.000
 -45      0.000
 -50      0.000
