 150      0.998
 145      0.998
 140      0.000
 135      0.000
 130      0.000
 125      0.998
 120      0.000
 115      0.000
 110      1.998
 105      0.000
 100      5.994
  95      6.993
  90      8.990
  85     15.983
  80     16.965
  75     18.961
  70     30.966
  65     50.945
  60     51.944
  55     63.932
  50    111.880
  45    170.815
  40    256.469
  35    629.700
  30   1642.613
  25   4462.190
  20  10687.543
  15  18895.687
  10  26249.965
   5  30231.864
   0  33583.897
  -5  46025.497
 -10      0.998
 -15      0.000
 -20      0.000
 -25      0.000
 -30      0.000
 -35      0.000
 -40      0.000
 -45      0.000
 -50      0.000
