 150   1183.535
 145   2082.649
 140   2755.280
 135   3724.138
 130   5255.085
 125   6974.396
 120   9532.743
 115  11934.195
 110  15031.841
 105  18343.263
 100  20893.519
  95  24222.300
  90  26157.959
  85  27751.556
  80  28536.187
  75  29545.604
  70  29784.803
  65  30859.887
  60  30827.077
  55  31757.179
  50  32595.992
  45  33736.396
  40  34529.489
  35  36040.576
  30  37857.937
  25  39945.898
  20  44025.848
  15  49476.862
  10  58060.933
   5  73617.744
   0 100476.089
  -5 175634.558
 -10  29629.578
 -15     76.841
 -20      0.999
 -25      0.000
 -30      0.000
 -35      0.000
 -40      0.000
 -45      0.000
 -50      0.000
