 150   1563.743
 145   2713.367
 140   3620.487
 135   4987.471
 130   6879.718
 125   9158.821
 120  12175.911
 115  15571.276
 110  19360.188
 105  24047.125
 100  27627.245
  95  31405.679
  90  34208.287
  85  36462.459
  80  37020.700
  75  38744.489
  70  39047.750
  65  39948.136
  60  40144.086
  55  41029.304
  50  41729.225
  45  43139.280
  40  43900.083
  35  44790.463
  30  46803.444
  25  48506.710
  20  52301.880
  15  57421.272
  10  66000.511
   5  81112.777
   0 104668.900
  -5 164424.983
 -10   7695.056
 -15     46.903
 -20      0.000
 -25      0.000
 -30      0.000
 -35      0.000
 -40      0.000
 -45      0.000
 -50      0.000
