 150      0.000
 145      0.998
 140      0.000
 135      0.000
 130      0.000
 125      1.996
 120      1.998
 115      2.997
 110      1.998
 105      7.991
 100      4.995
  95      9.989
  90     12.986
  85     19.979
  80     24.949
  75     27.942
  70     52.943
  65     58.937
  60     70.924
  55     98.895
  50    152.836
  45    241.738
  40    519.923
  35   1279.358
  30   3183.436
  25   7817.573
  20  14996.923
  15  22232.100
  10  26921.248
   5  29768.356
   0  32128.462
  -5  43719.282
 -10     12.973
 -15      0.000
 -20      0.000
 -25      0.000
 -30      0.000
 -35      0.000
 -40      0.000
 -45      0.000
 -50      0.000
