 150     19.958
 145     50.894
 140     44.907
 135     47.899
 130     64.865
 125     71.850
 120     85.908
 115    100.892
 110    120.870
 105    127.862
 100    157.830
  95    268.715
  90    261.727
  85    460.513
  80    688.581
  75   1248.406
  70   2140.684
  65   3939.773
  60   6247.322
  55   9994.356
  50  15112.784
  45  20125.204
  40  23657.006
  35  25552.209
  30  27106.080
  25  27683.158
  20  28230.708
  15  29467.323
  10  31343.525
   5  35328.446
   0  43948.931
  -5  69569.712
 -10   1769.334
 -15      9.979
 -20      0.000
 -25      0.000
 -30      0.000
 -35      0.000
 -40      0.000
 -45      0.000
 -50      0.000
