 150    894.138
 145   1555.770
 140   2065.712
 135   2772.145
 130   3925.846
 125   5493.497
 120   7128.330
 115   9416.896
 110  11674.438
 105  14694.204
 100  17228.462
  95  20398.337
  90  22786.891
  85  25094.450
  80  26154.070
  75  27986.843
  70  28511.151
  65  29525.349
  60  30476.390
  55  31246.722
  50  33001.589
  45  34417.691
  40  35781.896
  35  36775.060
  30  39265.035
  25  41855.879
  20  45487.238
  15  50628.574
  10  58749.256
   5  72233.216
   0  92868.352
  -5 136977.771
 -10  37944.379
 -15    247.487
 -20      0.000
 -25      0.000
 -30      0.000
 -35      0.000
 -40      0.000
 -45      0.000
 -50      0.000
