 150      0.000
 145      1.996
 140      2.994
 135      1.996
 130      1.996
 125      4.990
 120      9.989
 115     11.987
 110      9.989
 105     19.979
 100     23.974
  95     43.953
  90     47.949
  85     61.934
  80     56.883
  75     75.842
  70    104.887
  65    131.859
  60    189.797
  55    310.669
  50    543.416
  45   1135.768
  40   2379.073
  35   5361.928
  30  10892.540
  25  18194.368
  20  25373.825
  15  29025.826
  10  31410.422
   5  34969.827
   0  39955.088
  -5  56421.925
 -10    450.067
 -15      0.000
 -20      0.000
 -25      0.000
 -30      0.000
 -35      0.000
 -40      0.000
 -45      0.000
 -50      0.000
