 150      0.000
 145      0.000
 140      0.998
 135      0.998
 130      0.998
 125      0.000
 120      0.000
 115      0.000
 110      2.997
 105      1.998
 100      3.996
  95      6.993
  90      7.991
  85     17.981
  80     18.961
  75     30.936
  70     38.958
  65     43.953
  60     67.927
  55     93.900
  50    126.864
  45    197.785
  40    414.142
  35   1023.886
  30   2896.031
  25   7306.109
  20  14422.568
  15  20921.530
  10  24672.625
   5  27242.096
   0  30291.467
  -5  49796.672
 -10      0.000
 -15      0.000
 -20      0.000
 -25      0.000
 -30      0.000
 -35      0.000
 -40      0.000
 -45      0.000
 -50      0.000
