 150    233.514
 145    315.345
 140    390.190
 135    459.031
 130    579.796
 125    739.452
 120    950.977
 115   1355.545
 110   1954.897
 105   2733.062
 100   4049.643
  95   6075.548
  90   8696.799
  85  12589.680
  80  16473.033
  75  21239.864
  70  25379.539
  65  29005.906
  60  31061.764
  55  32540.345
  50  34551.926
  45  36117.848
  40  37610.109
  35  39276.893
  30  41636.146
  25  44076.486
  20  48066.473
  15  52960.068
  10  61468.352
   5  76515.664
   0 102641.865
  -5 170569.069
 -10   1544.799
 -15      2.994
 -20      0.000
 -25      0.000
 -30      0.000
 -35      0.000
 -40      0.000
 -45      0.000
 -50      0.000
