 150      4.990
 145      6.985
 140     12.973
 135     17.962
 130     21.954
 125     21.954
 120     35.961
 115     42.954
 110     49.946
 105     48.947
 100     76.917
  95     85.909
  90    105.887
  85    136.855
  80    177.634
  75    193.598
  70    254.724
  65    410.559
  60    644.311
  55   1212.710
  50   2645.159
  45   5050.520
  40   9642.031
  35  15045.930
  30  20775.182
  25  24617.413
  20  26872.247
  15  28145.771
  10  29540.421
   5  32778.222
   0  39776.280
  -5  63688.846
 -10     70.853
 -15      0.000
 -20      0.000
 -25      0.000
 -30      0.000
 -35      0.000
 -40      0.000
 -45      0.000
 -50      0.000
