 150      0.000
 145      0.000
 140      0.000
 135      0.998
 130      0.000
 125      0.000
 120      0.000
 115      0.000
 110      1.998
 105      0.000
 100      0.999
  95      2.997
  90      0.999
  85      0.999
  80      1.996
  75      4.990
  70      6.992
  65      5.994
  60     28.969
  55     27.970
  50     59.936
  45     74.919
  40     88.816
  35    150.689
  30    298.385
  25    877.055
  20   3185.585
  15   9271.034
  10  19131.567
   5  26708.609
   0  30374.348
  -5  41574.732
 -10      0.000
 -15      0.000
 -20      0.000
 -25      0.000
 -30      0.000
 -35      0.000
 -40      0.000
 -45      0.000
 -50      0.000
