 150   1240.416
 145   2158.491
 140   2955.864
 135   4120.302
 130   5594.380
 125   7429.443
 120   9833.419
 115  12271.832
 110  15361.486
 105  18774.798
 100  21073.325
  95  23556.007
  90  25504.659
  85  27295.040
  80  28445.374
  75  28862.025
  70  29213.420
  65  30082.721
  60  30660.255
  55  30986.999
  50  32097.527
  45  33413.746
  40  34184.205
  35  35096.526
  30  37092.515
  25  39389.499
  20  43075.866
  15  47725.743
  10  55234.954
   5  70020.568
   0  95339.605
  -5 148824.190
 -10  17234.273
 -15     78.837
 -20      0.000
 -25      0.000
 -30      0.000
 -35      0.000
 -40      0.000
 -45      0.000
 -50      0.000
