 150   6597.251
 145  10901.369
 140  13285.419
 135  16012.198
 130  18929.702
 125  21759.457
 120  23750.445
 115  25863.249
 110  27333.616
 105  28471.393
 100  29017.777
  95  30106.027
  90  30816.796
  85  31871.280
  80  32026.992
  75  32777.888
  70  33543.739
  65  34459.025
  60  35238.330
  55  36111.541
  50  37937.255
  45  39503.218
  40  41219.593
  35  42871.470
  30  45475.230
  25  48721.430
  20  54528.545
  15  61241.227
  10  72615.374
   5  91031.234
   0 117310.361
  -5 175587.656
 -10  34135.272
 -15    430.108
 -20      6.993
 -25      0.000
 -30      0.000
 -35      0.000
 -40      0.000
 -45      0.000
 -50      0.000
