 150    782.370
 145   1314.272
 140   1855.149
 135   2475.771
 130   3558.609
 125   4931.673
 120   6509.995
 115   8816.540
 110  11500.625
 105  14764.129
 100  17513.156
  95  20672.046
  90  23677.949
  85  25903.594
  80  27440.418
  75  29027.680
  70  30003.536
  65  31719.996
  60  32573.147
  55  33906.889
  50  35752.637
  45  37654.183
  40  39189.838
  35  41177.967
  30  44210.837
  25  47158.163
  20  51816.453
  15  57346.353
  10  66209.288
   5  82045.785
   0 105783.494
  -5 169310.680
 -10  40383.326
 -15    152.683
 -20      0.000
 -25      0.000
 -30      0.000
 -35      0.000
 -40      0.000
 -45      0.000
 -50      0.000
