 150     96.798
 145    138.710
 140    155.677
 135    170.640
 130    196.592
 125    244.488
 120    272.707
 115    348.626
 110    458.507
 105    648.302
 100    872.062
  95   1326.592
  90   2179.663
  85   3332.464
  80   5291.095
  75   8165.033
  70  12253.754
  65  17228.514
  60  22186.305
  55  26327.961
  50  30350.404
  45  32633.593
  40  33700.207
  35  34532.690
  30  35350.108
  25  35793.379
  20  37778.539
  15  38680.457
  10  41833.280
   5  47925.056
   0  58902.738
  -5  86424.669
 -10  31639.411
 -15      9.979
 -20      0.000
 -25      0.000
 -30      0.000
 -35      0.000
 -40      0.000
 -45      0.000
 -50      0.000
