 150      0.000
 145      0.000
 140      0.000
 135      0.000
 130      0.000
 125      0.000
 120      0.000
 115      0.000
 110      0.000
 105      0.000
 100      0.999
  95      1.998
  90      6.993
  85      5.994
  80      2.994
  75      5.988
  70     16.982
  65     21.976
  60     42.954
  55     52.944
  50     84.909
  45    124.865
  40    160.667
  35    357.262
  30   1011.913
  25   3278.466
  20   8546.838
  15  16832.905
  10  24342.003
   5  28650.544
   0  30935.744
  -5  41111.693
 -10      0.000
 -15      0.000
 -20      0.000
 -25      0.000
 -30      0.000
 -35      0.000
 -40      0.000
 -45      0.000
 -50      0.000
