 150   1261.373
 145   2184.465
 140   2727.341
 135   3701.187
 130   4928.768
 125   6684.004
 120   9012.312
 115  11893.227
 110  15151.712
 105  18947.612
 100  22969.262
  95  27082.266
  90  30153.520
  85  33191.916
  80  35145.565
  75  37116.871
  70  38322.535
  65  40253.808
  60  41491.645
  55  43464.710
  50  46444.165
  45  48905.036
  40  51514.314
  35  54114.200
  30  57669.029
  25  61688.500
  20  67816.233
  15  75230.128
  10  86798.299
   5 104987.398
   0 130597.130
  -5 186767.644
 -10  52347.536
 -15    443.081
 -20      2.997
 -25      0.000
 -30      1.998
 -35      0.000
 -40      0.000
 -45      0.000
 -50      0.000
