 150      0.000
 145      0.000
 140      0.000
 135      0.000
 130      1.996
 125      0.998
 120      0.999
 115      0.000
 110      0.999
 105      3.996
 100      2.997
  95      4.995
  90      8.990
  85      7.992
  80     13.971
  75     28.940
  70     37.959
  65     36.960
  60     58.937
  55     80.914
  50    120.870
  45    182.802
  40    324.328
  35    760.430
  30   2163.539
  25   5471.102
  20  12497.603
  15  20626.826
  10  26213.005
   5  29860.259
   0  32807.732
  -5  43662.401
 -10     27.942
 -15      0.000
 -20      0.000
 -25      0.000
 -30      0.000
 -35      0.000
 -40      0.000
 -45      0.000
 -50      0.000
