 150   1101.705
 145   1947.954
 140   2570.663
 135   3598.400
 130   4918.789
 125   6740.885
 120   8757.577
 115  11284.891
 110  14211.722
 105  17160.535
 100  19560.952
  95  22388.246
  90  24118.145
  85  26005.460
  80  26265.840
  75  27652.538
  70  28278.403
  65  28723.180
  60  29108.912
  55  29714.354
  50  30822.927
  45  31934.383
  40  33214.213
  35  34139.536
  30  35781.183
  25  38521.435
  20  41726.269
  15  46201.334
  10  53978.297
   5  66998.780
   0  88601.753
  -5 134588.728
 -10  31498.703
 -15    125.739
 -20      0.999
 -25      0.000
 -30      0.000
 -35      0.000
 -40      0.000
 -45      0.000
 -50      0.998
