 150    139.709
 145    201.581
 140    214.555
 135    270.429
 130    309.358
 125    350.267
 120    477.486
 115    522.439
 110    758.185
 105   1067.851
 100   1564.317
  95   2344.512
  90   3741.989
  85   5740.920
  80   8651.161
  75  12192.664
  70  15981.708
  65  20250.271
  60  22788.662
  55  24505.901
  50  27126.893
  45  28620.975
  40  30385.073
  35  32446.031
  30  34784.240
  25  37205.855
  20  41127.911
  15  45306.296
  10  52282.110
   5  63978.990
   0  80854.082
  -5 118777.537
 -10   6666.181
 -15      5.988
 -20      0.000
 -25      0.000
 -30      0.000
 -35      0.000
 -40      0.000
 -45      0.000
 -50      0.000
