 150   3398.917
 145   6200.129
 140   8031.327
 135  10169.532
 130  12803.420
 125  15723.092
 120  18490.105
 115  21117.341
 110  23574.657
 105  25694.379
 100  26895.061
  95  28795.419
  90  29693.970
  85  30666.555
  80  31066.971
  75  32141.211
  70  32677.675
  65  34126.382
  60  34733.869
  55  35801.871
  50  37723.485
  45  39413.315
  40  40808.445
  35  42619.990
  30  45069.068
  25  48647.509
  20  53342.817
  15  59915.651
  10  71125.966
   5  87768.702
   0 112807.184
  -5 168483.397
 -10  25208.767
 -15    136.717
 -20      2.997
 -25      0.000
 -30      0.000
 -35      0.000
 -40      0.000
 -45      0.000
 -50      0.000
