 150    438.087
 145    720.504
 140    927.075
 135   1223.416
 130   1703.464
 125   2482.801
 120   3532.199
 115   5024.609
 110   7161.302
 105   9722.539
 100  13005.007
  95  16516.476
  90  20878.618
  85  24430.128
  80  27146.025
  75  29322.069
  70  30090.442
  65  31353.358
  60  31193.685
  55  31970.951
  50  32647.969
  45  33413.779
  40  34123.331
  35  34753.269
  30  35687.377
  25  37607.422
  20  40513.569
  15  43857.853
  10  51049.428
   5  63808.172
   0  85170.442
  -5 142245.840
 -10  15685.484
 -15     24.948
 -20      0.000
 -25      0.000
 -30      0.000
 -35      0.000
 -40      0.000
 -45      0.000
 -50      0.000
