 150    109.771
 145    157.673
 140    177.631
 135    195.589
 130    275.428
 125    350.266
 120    462.502
 115    628.326
 110    931.998
 105   1391.503
 100   2018.826
  95   3139.669
  90   4656.013
  85   7023.548
  80   9791.819
  75  13170.631
  70  16640.994
  65  20069.465
  60  22494.953
  55  24385.054
  50  25816.273
  45  26284.481
  40  26635.837
  35  26669.927
  30  27210.918
  25  28037.719
  20  29400.541
  15  30832.885
  10  34293.340
   5  40563.962
   0  51735.436
  -5  80862.211
 -10   3861.000
 -15      1.996
 -20      0.999
 -25      0.000
 -30      0.000
 -35      0.000
 -40      0.000
 -45      0.000
 -50      0.000
