 150    464.033
 145    849.236
 140   1125.663
 135   1567.689
 130   2153.529
 125   2965.790
 120   4202.478
 115   5893.676
 110   8116.275
 105  10884.289
 100  14366.542
  95  17833.079
  90  21717.719
  85  24974.552
  80  27407.486
  75  29742.196
  70  30470.031
  65  31648.042
  60  31690.155
  55  32093.820
  50  32969.624
  45  33535.647
  40  34617.308
  35  34798.177
  30  36079.568
  25  37008.068
  20  39516.638
  15  42657.144
  10  48300.367
   5  57459.920
   0  73334.166
  -5 109026.769
 -10  32764.080
 -15     70.853
 -20      0.000
 -25      0.999
 -30      0.000
 -35      0.000
 -40      0.000
 -45      0.000
 -50      0.000
