 150   4193.261
 145   6901.672
 140   8486.382
 135  10362.126
 130  12664.708
 125  13683.361
 120  16234.532
 115  17762.940
 110  19536.998
 105  20497.965
 100  22356.944
  95  24324.168
  90  24418.483
  85  25869.630
  80  26697.975
  75  28053.704
  70  28115.607
  65  28712.192
  60  29277.702
  55  28996.119
  50  29856.934
  45  30995.432
  40  31570.586
  35  32546.791
  30  33711.487
  25  31867.615
  20  33012.610
  15  34785.640
  10  35794.735
   5  38966.579
   0  40373.760
  -5  46080.383
 -10  25224.734
 -15    272.435
 -20     18.980
 -25      2.997
 -30      1.998
 -35      0.000
 -40      0.000
 -45      0.000
 -50      0.998
