 150    123.742
 145    190.602
 140    207.569
 135    275.419
 130    327.320
 125    377.210
 120    497.465
 115    732.214
 110   1052.868
 105   1659.215
 100   2445.369
  95   3812.954
  90   5554.046
  85   8372.117
  80  11340.627
  75  15487.816
  70  18674.813
  65  22254.121
  60  24258.092
  55  25324.030
  50  26930.077
  45  27813.822
  40  28544.884
  35  29756.553
  30  30688.720
  25  31991.481
  20  34109.469
  15  36408.897
  10  41029.140
   5  49699.170
   0  64830.372
  -5 107214.530
 -10   1680.516
 -15      1.996
 -20      0.000
 -25      0.000
 -30      0.000
 -35      0.000
 -40      0.000
 -45      0.000
 -50      0.000
