 150    996.923
 145   1867.100
 140   2456.899
 135   3272.093
 130   4617.410
 125   6298.810
 120   8414.946
 115  11365.804
 110  14662.238
 105  18344.262
 100  21912.422
  95  25614.823
  90  28493.455
  85  30833.286
  80  31768.525
  75  32932.566
  70  33459.830
  65  34608.865
  60  34796.837
  55  35542.148
  50  36603.688
  45  37826.958
  40  39061.104
  35  40154.082
  30  41905.591
  25  43785.755
  20  48159.421
  15  53065.008
  10  62078.638
   5  76650.520
   0  98225.506
  -5 136293.192
 -10  25906.296
 -15     89.814
 -20      0.999
 -25      0.000
 -30      0.000
 -35      0.000
 -40      0.000
 -45      0.000
 -50      0.000
