 150    626.695
 145   1086.730
 140   1547.787
 135   1974.831
 130   2837.107
 125   3827.984
 120   5320.275
 115   7141.337
 110   9566.716
 105  12140.936
 100  15129.720
  95  18221.667
  90  20819.681
  85  23318.259
  80  24734.023
  75  26375.192
  70  27357.427
  65  27968.989
  60  28127.959
  55  28791.337
  50  29543.271
  45  30718.670
  40  31382.008
  35  31730.477
  30  33224.491
  25  34383.900
  20  36915.464
  15  40083.950
  10  45075.814
   5  54747.803
   0  70301.496
  -5 111542.549
 -10  31781.118
 -15    103.785
 -20      0.000
 -25      0.999
 -30      0.000
 -35      0.000
 -40      0.000
 -45      0.000
 -50      0.000
