 150    306.362
 145    499.956
 140    593.767
 135    746.424
 130    990.942
 125   1278.323
 120   1854.005
 115   2635.172
 110   3906.800
 105   5462.123
 100   7864.538
  95  11063.262
  90  15055.860
  85  19747.048
  80  23550.462
  75  27395.073
  70  29958.615
  65  32447.184
  60  33290.446
  55  33805.997
  50  35212.182
  45  36196.727
  40  37269.814
  35  38210.096
  30  39781.970
  25  42147.523
  20  45183.608
  15  48766.625
  10  55864.281
   5  69146.497
   0  90098.234
  -5 128457.451
 -10  18755.121
 -15     34.928
 -20      0.999
 -25      0.000
 -30      0.000
 -35      0.000
 -40      0.000
 -45      0.000
 -50      0.000
