 150   1151.601
 145   2163.506
 140   2989.793
 135   3998.555
 130   5445.695
 125   7421.459
 120   9931.314
 115  12691.382
 110  16085.708
 105  19839.653
 100  22822.443
  95  26101.307
  90  28801.125
  85  30772.412
  80  31272.516
  75  32503.458
  70  32553.777
  65  33397.165
  60  33895.799
  55  34174.604
  50  34911.540
  45  35542.472
  40  36071.296
  35  37078.470
  30  38729.102
  25  40908.859
  20  44319.490
  15  48666.683
  10  56967.102
   5  71842.631
   0  96830.907
  -5 155148.068
 -10  28676.554
 -15     88.816
 -20      0.999
 -25      0.000
 -30      0.000
 -35      0.000
 -40      0.000
 -45      0.000
 -50      0.000
