 150     22.952
 145     24.948
 140     28.940
 135     37.920
 130     54.886
 125     48.898
 120     68.926
 115     75.919
 110    104.887
 105    109.882
 100    151.838
  95    154.836
  90    216.768
  85    308.672
  80    459.054
  75    757.426
  70   1294.599
  65   2400.424
  60   4166.546
  55   7143.399
  50  11277.899
  45  15666.986
  40  19521.571
  35  22145.270
  30  23808.906
  25  24695.329
  20  25570.639
  15  26584.422
  10  27820.232
   5  30715.411
   0  35177.149
  -5  50445.326
 -10   5275.065
 -15      0.000
 -20      0.000
 -25      0.000
 -30      0.000
 -35      0.000
 -40      0.000
 -45      0.000
 -50      0.000
