 150   8298.714
 145  13183.618
 140  15634.543
 135  18134.700
 130  20318.818
 125  22584.708
 120  24482.657
 115  25531.605
 110  26824.164
 105  27613.288
 100  27865.017
  95  28642.610
  90  29035.874
  85  30356.852
  80  30398.319
  75  31730.065
  70  32048.324
  65  33108.475
  60  33545.174
  55  34701.043
  50  36000.372
  45  37423.433
  40  39063.100
  35  40459.492
  30  43256.761
  25  46913.380
  20  52505.714
  15  58683.915
  10  69152.076
   5  86284.280
   0 111241.415
  -5 163518.699
 -10  31755.172
 -15    325.326
 -20      3.996
 -25      0.000
 -30      0.000
 -35      0.000
 -40      0.000
 -45      0.000
 -50      0.000
