 150    736.466
 145   1265.372
 140   1535.812
 135   2140.479
 130   2886.009
 125   3903.825
 120   5312.284
 115   7440.017
 110   9966.286
 105  12786.242
 100  16487.260
  95  20282.480
  90  23958.317
  85  27780.580
  80  29851.446
  75  32063.372
  70  33090.196
  65  34515.964
  60  34843.787
  55  35665.017
  50  37205.079
  45  38555.206
  40  39663.856
  35  41002.371
  30  42941.412
  25  45687.703
  20  49140.322
  15  54561.347
  10  63491.128
   5  78947.079
   0 102720.575
  -5 157259.686
 -10  37323.628
 -15    169.648
 -20      0.000
 -25      0.000
 -30      0.000
 -35      0.000
 -40      0.000
 -45      0.000
 -50      0.000
