 150    310.353
 145    415.138
 140    462.041
 135    577.780
 130    667.614
 125    835.252
 120   1025.896
 115   1289.616
 110   1900.956
 105   2662.138
 100   3818.891
  95   5713.932
  90   8265.363
  85  11838.475
  80  15915.199
  75  21086.183
  70  25233.722
  65  29224.642
  60  31761.047
  55  33464.360
  50  35330.056
  45  37312.590
  40  37965.336
  35  39894.618
  30  41848.708
  25  43842.694
  20  47039.574
  15  51225.983
  10  58449.517
   5  71180.335
   0  90140.460
  -5 129432.428
 -10  32543.570
 -15     57.880
 -20      0.000
 -25      0.000
 -30      0.000
 -35      0.000
 -40      0.000
 -45      0.000
 -50      0.000
