 150   4410.808
 145   7876.648
 140   9712.836
 135  11630.448
 130  14016.901
 125  15321.931
 120  17834.810
 115  19260.334
 110  21294.109
 105  22430.887
 100  23917.265
  95  26214.161
  90  27037.746
  85  28462.886
  80  29698.791
  75  31525.490
  70  32802.540
  65  33542.009
  60  34430.194
  55  34800.937
  50  36799.477
  45  37875.980
  40  39779.577
  35  42372.501
  30  44386.475
  25  41329.406
  20  43904.934
  15  47830.630
  10  50571.939
   5  56363.086
   0  60697.992
  -5  73078.362
 -10   4695.271
 -15    128.733
 -20      3.996
 -25      3.996
 -30      0.000
 -35      0.000
 -40      0.000
 -45      1.996
 -50      0.998
