 150      0.998
 145      0.000
 140      0.000
 135      0.000
 130      0.000
 125      0.000
 120      0.000
 115      0.000
 110      0.000
 105      0.000
 100      0.000
  95      0.999
  90      0.000
  85      2.997
  80      0.000
  75      0.998
  70      2.997
  65      3.996
  60      5.994
  55     16.982
  50     19.979
  45     33.963
  40     43.909
  35     79.835
  30    165.658
  25    370.600
  20   1272.636
  15   4817.821
  10  13604.470
   5  24555.897
   0  28815.024
  -5  36589.078
 -10      0.000
 -15      0.000
 -20      0.000
 -25      0.000
 -30      0.000
 -35      0.000
 -40      0.000
 -45      0.000
 -50      0.000
