 150   1218.461
 145   2130.577
 140   2850.083
 135   4109.325
 130   5375.840
 125   7237.851
 120   9752.506
 115  12731.339
 110  16234.548
 105  19260.295
 100  21775.569
  95  24799.663
  90  26755.041
  85  28403.949
  80  29740.704
  75  30779.041
  70  31208.264
  65  32391.244
  60  33183.527
  55  34151.629
  50  35992.344
  45  37311.592
  40  39123.935
  35  40949.439
  30  43370.570
  25  46466.862
  20  51115.205
  15  57230.534
  10  67206.157
   5  85335.289
   0 114472.400
  -5 192559.439
 -10  11008.191
 -15     35.926
 -20      0.999
 -25      0.000
 -30      0.000
 -35      0.000
 -40      0.000
 -45      0.000
 -50      0.000
