 150      0.000
 145      0.998
 140      0.000
 135      0.000
 130      0.000
 125      0.998
 120      0.999
 115      0.000
 110      0.999
 105      3.996
 100      0.999
  95      3.996
  90      3.996
  85      6.993
  80     12.973
  75     23.950
  70     35.961
  65     31.966
  60     47.949
  55     61.934
  50    104.887
  45    146.841
  40    252.477
  35    618.722
  30   1638.623
  25   4767.851
  20  11307.901
  15  19489.069
  10  25894.319
   5  29320.891
   0  31500.169
  -5  41953.946
 -10      0.000
 -15      0.000
 -20      0.000
 -25      0.000
 -30      0.000
 -35      0.000
 -40      0.000
 -45      0.000
 -50      0.000
