 150     14.969
 145     17.963
 140     30.936
 135     24.948
 130     38.919
 125     33.929
 120     54.941
 115     58.937
 110     67.927
 105     86.906
 100    103.888
  95    124.868
  90    157.831
  85    182.806
  80    254.476
  75    396.177
  70    612.337
  65   1148.767
  60   2140.712
  55   4039.702
  50   7339.118
  45  12142.825
  40  17332.105
  35  21650.292
  30  24948.581
  25  25864.067
  20  26878.240
  15  28015.911
  10  29428.541
   5  33250.721
   0  40072.962
  -5  61777.811
 -10   1012.901
 -15      0.000
 -20      0.000
 -25      0.000
 -30      0.000
 -35      0.000
 -40      0.000
 -45      0.000
 -50      0.000
