 150     40.915
 145     53.888
 140     54.886
 135     60.872
 130     72.849
 125     76.839
 120     99.892
 115    114.877
 110    129.860
 105    158.829
 100    203.783
  95    268.715
  90    337.638
  85    588.376
  80    948.046
  75   1610.653
  70   2665.116
  65   4647.014
  60   7348.145
  55  10925.375
  50  15529.337
  45  19651.658
  40  22155.117
  35  23460.554
  30  24623.227
  25  25051.944
  20  25943.241
  15  26604.400
  10  27407.674
   5  30473.667
   0  35613.680
  -5  51433.276
 -10   1418.060
 -15      0.998
 -20      0.000
 -25      0.000
 -30      0.000
 -35      0.000
 -40      0.000
 -45      0.000
 -50      0.000
