 150      0.000
 145      0.000
 140      0.000
 135      0.000
 130      0.000
 125      0.000
 120      0.000
 115      0.000
 110      0.000
 105      0.000
 100      0.999
  95      0.000
  90      0.999
  85      0.000
  80      0.000
  75      0.000
  70      3.996
  65      0.000
  60      3.996
  55      7.991
  50     11.987
  45     14.984
  40     38.919
  35     46.903
  30     71.852
  25    156.831
  20    352.622
  15   1426.468
  10   6317.247
   5  17919.951
   0  27339.637
  -5  33472.544
 -10      0.998
 -15      0.000
 -20      0.000
 -25      0.000
 -30      0.000
 -35      0.000
 -40      0.000
 -45      0.000
 -50      0.000
