 150     82.827
 145    120.749
 140    128.733
 135    181.617
 130    183.619
 125    202.576
 120    256.724
 115    314.662
 110    379.592
 105    497.465
 100    556.401
  95    848.099
  90   1306.635
  85   1976.908
  80   3223.357
  75   5087.428
  70   8306.021
  65  13182.855
  60  18451.276
  55  24302.118
  50  29442.379
  45  32872.399
  40  34710.081
  35  36171.306
  30  38078.482
  25  40175.650
  20  42721.203
  15  45701.916
  10  51394.060
   5  61536.587
   0  78671.743
  -5 117218.771
 -10   1614.654
 -15      0.998
 -20      0.000
 -25      0.000
 -30      0.000
 -35      0.000
 -40      0.000
 -45      0.000
 -50      0.000
