 150      0.000
 145      0.000
 140      0.000
 135      0.000
 130      0.998
 125      0.998
 120      0.000
 115      0.000
 110      0.000
 105      0.000
 100      0.999
  95      1.998
  90      3.996
  85      3.996
  80      1.996
  75      7.983
  70     10.988
  65     17.981
  60     16.982
  55     35.962
  50     64.930
  45     77.915
  40    127.735
  35    187.613
  30    283.416
  25    614.337
  20   1915.948
  15   5921.640
  10  14574.420
   5  24099.382
   0  29414.409
  -5  37875.409
 -10     18.961
 -15      0.000
 -20      0.000
 -25      0.000
 -30      0.000
 -35      0.000
 -40      0.000
 -45      0.000
 -50      0.000
