 150      6.985
 145      6.985
 140      8.981
 135     15.966
 130     18.961
 125     16.964
 120     22.975
 115     36.960
 110     33.963
 105     49.946
 100     58.937
  95     57.939
  90     76.918
  85    103.890
  80    128.735
  75    159.668
  70    210.772
  65    365.607
  60    593.366
  55   1072.857
  50   2285.548
  45   4810.780
  40   9244.854
  35  15150.714
  30  20893.917
  25  25391.628
  20  27506.513
  15  28318.558
  10  29985.975
   5  33359.539
   0  40211.772
  -5  64984.158
 -10     60.874
 -15      0.000
 -20      0.000
 -25      0.000
 -30      0.000
 -35      0.000
 -40      0.000
 -45      0.000
 -50      0.000
