 150  18255.973
 145  25313.424
 140  26389.216
 135  26981.016
 130  27955.963
 125  28095.169
 120  28041.827
 115  28473.448
 110  28878.955
 105  29149.635
 100  29219.560
  95  29629.563
  90  30151.677
  85  30898.279
  80  30140.850
  75  31024.531
  70  31539.874
  65  32156.496
  60  32856.909
  55  33321.513
  50  34314.181
  45  35827.163
  40  37391.562
  35  38645.236
  30  41167.072
  25  44301.199
  20  49614.813
  15  55200.659
  10  65306.188
   5  80473.457
   0 104175.012
  -5 159329.392
 -10  38223.762
 -15   2054.743
 -20     84.909
 -25      0.999
 -30      0.999
 -35      0.000
 -40      0.000
 -45      0.998
 -50      0.000
