 150    332.308
 145    513.926
 140    721.502
 135    922.054
 130   1289.322
 125   1773.287
 120   2598.204
 115   3756.969
 110   5278.326
 105   7342.100
 100  10107.125
  95  13296.892
  90  16839.948
  85  20459.293
  80  23336.903
  75  25564.876
  70  27356.428
  65  28752.149
  60  29435.563
  55  29970.082
  50  31135.560
  45  32145.123
  40  33284.069
  35  33725.357
  30  35611.569
  25  37805.208
  20  40234.908
  15  44281.442
  10  51501.944
   5  63796.185
   0  85597.069
  -5 147896.116
 -10  29666.501
 -15     43.909
 -20      0.999
 -25      0.000
 -30      0.000
 -35      0.000
 -40      0.000
 -45      0.000
 -50      0.000
