 150    494.969
 145    868.198
 140   1084.748
 135   1337.176
 130   1810.240
 125   2444.880
 120   3432.307
 115   4760.892
 110   6709.780
 105   9033.289
 100  12328.734
  95  16108.892
  90  20197.631
  85  24712.854
  80  27526.241
  75  30902.784
  70  32253.102
  65  34068.479
  60  34874.684
  55  35795.877
  50  37537.722
  45  38901.830
  40  39661.860
  35  40714.924
  30  42704.942
  25  44850.651
  20  47989.555
  15  51921.185
  10  59004.983
   5  71484.012
   0  90407.992
  -5 125069.481
 -10  44602.583
 -15    223.537
 -20      0.000
 -25      0.000
 -30      0.000
 -35      0.000
 -40      0.000
 -45      0.000
 -50      0.000
