 150     19.958
 145     34.928
 140     36.923
 135     51.891
 130     53.888
 125     64.864
 120     70.924
 115     99.893
 110     87.906
 105    122.868
 100    146.844
  95    175.813
  90    271.709
  85    374.603
  80    559.846
  75    960.005
  70   1606.262
  65   2875.914
  60   4945.713
  55   8209.265
  50  12138.975
  45  16633.936
  40  20107.358
  35  22580.372
  30  23860.799
  25  24950.054
  20  25491.724
  15  26101.940
  10  27274.816
   5  29820.361
   0  34232.166
  -5  47109.248
 -10   3870.975
 -15      0.000
 -20      0.000
 -25      0.000
 -30      0.000
 -35      0.000
 -40      0.000
 -45      0.000
 -50      0.000
