 150      0.000
 145      0.000
 140      0.000
 135      0.000
 130      0.000
 125      0.000
 120      0.000
 115      0.000
 110      0.000
 105      0.000
 100      0.000
  95      0.000
  90      0.999
  85      0.000
  80      0.000
  75      0.000
  70      0.999
  65      0.000
  60      0.000
  55      0.000
  50      0.999
  45      1.998
  40      5.988
  35      8.981
  30     16.965
  25     44.952
  20     80.913
  15    186.799
  10   1114.809
   5   6556.031
   0  20190.295
  -5  31915.775
 -10      0.000
 -15      0.000
 -20      0.000
 -25      0.000
 -30      0.000
 -35      0.000
 -40      0.000
 -45      0.000
 -50      0.000
