 150    272.432
 145    363.246
 140    456.053
 135    531.877
 130    716.513
 125    930.053
 120   1252.652
 115   1691.185
 110   2428.389
 105   3705.017
 100   5345.249
  95   7542.989
  90  10759.756
  85  14842.297
  80  18548.771
  75  22877.461
  70  26758.075
  65  29388.466
  60  31581.240
  55  32926.933
  50  34804.620
  45  36752.197
  40  38514.199
  35  40225.933
  30  43391.527
  25  46144.210
  20  50257.124
  15  55346.558
  10  63736.865
   5  78810.225
   0 101722.056
  -5 155144.076
 -10   1986.883
 -15      0.000
 -20      0.000
 -25      0.000
 -30      0.000
 -35      0.000
 -40      0.000
 -45      0.000
 -50      0.000
