 150     94.802
 145    140.708
 140    161.664
 135    180.619
 130    212.559
 125    228.522
 120    280.698
 115    331.644
 110    391.579
 105    460.505
 100    680.268
  95    915.028
  90   1415.521
  85   2169.704
  80   3448.892
  75   5796.954
  70   9204.050
  65  14346.606
  60  20039.578
  55  25913.402
  50  31160.534
  45  34885.219
  40  36786.778
  35  38029.469
  30  39399.758
  25  40461.342
  20  42725.199
  15  45280.369
  10  49793.770
   5  58544.767
   0  73581.195
  -5 116035.227
 -10   8306.788
 -15      1.996
 -20      0.000
 -25      0.000
 -30      0.000
 -35      0.000
 -40      0.000
 -45      0.000
 -50      0.000
