 150     10.977
 145     14.969
 140     15.967
 135     11.975
 130     21.954
 125     33.929
 120     42.954
 115     43.953
 110     64.930
 105     66.928
 100     94.899
  95     88.906
  90    100.892
  85    179.809
  80    228.529
  75    298.380
  70    535.421
  65   1022.902
  60   1906.961
  55   3530.244
  50   6128.424
  45  10153.973
  40  14574.816
  35  18562.668
  30  21608.443
  25  22981.180
  20  23820.512
  15  23674.550
  10  24745.522
   5  26727.642
   0  29905.821
  -5  40570.816
 -10    295.388
 -15      0.000
 -20      0.000
 -25      0.000
 -30      0.000
 -35      0.000
 -40      0.000
 -45      0.000
 -50      0.000
