 150     19.958
 145     28.940
 140     38.919
 135     39.916
 130     47.901
 125     69.854
 120     74.919
 115    106.885
 110     90.902
 105    117.873
 100    126.863
  95    158.831
  90    215.769
  85    239.746
  80    365.247
  75    553.849
  70    906.020
  65   1614.268
  60   2848.954
  55   4962.720
  50   8418.958
  45  13259.613
  40  18071.574
  35  21997.575
  30  25083.303
  25  26662.205
  20  28030.008
  15  29279.554
  10  31407.425
   5  36591.177
   0  47009.512
  -5  78434.249
 -10    142.704
 -15      0.000
 -20      0.000
 -25      0.000
 -30      0.000
 -35      0.000
 -40      0.000
 -45      0.000
 -50      0.000
