 150     12.973
 145     19.959
 140     27.942
 135     35.925
 130     36.923
 125     45.904
 120     51.944
 115     74.920
 110     65.929
 105     75.918
 100     89.903
  95    118.874
  90    171.816
  85    208.778
  80    249.486
  75    407.154
  70    605.345
  65   1110.808
  60   2118.735
  55   3964.781
  50   7141.330
  45  12306.647
  40  17710.322
  35  22397.749
  30  25685.063
  25  26825.029
  20  27680.382
  15  28486.406
  10  29910.026
   5  32858.138
   0  39714.347
  -5  61585.211
 -10    183.620
 -15      0.000
 -20      0.000
 -25      0.000
 -30      0.000
 -35      0.000
 -40      0.000
 -45      0.000
 -50      0.000
