 150    134.719
 145    205.573
 140    249.482
 135    284.400
 130    309.358
 125    389.185
 120    548.410
 115    704.244
 110   1119.796
 105   1604.275
 100   2469.343
  95   3868.891
  90   5969.762
  85   8966.513
  80  12527.181
  75  16755.183
  70  20748.571
  65  24517.693
  60  27105.025
  55  29098.011
  50  31574.089
  45  33262.976
  40  35195.076
  35  37362.846
  30  39347.865
  25  41889.801
  20  45425.304
  15  49692.630
  10  56832.246
   5  67844.881
   0  86898.931
  -5 140401.667
 -10   1201.510
 -15      0.998
 -20      0.000
 -25      0.000
 -30      0.000
 -35      0.000
 -40      0.000
 -45      0.000
 -50      0.000
