 150  14162.485
 145  20672.085
 140  21760.825
 135  23373.658
 130  24711.699
 125  25669.274
 120  26293.708
 115  26844.196
 110  27196.763
 105  27774.143
 100  27837.047
  95  29020.181
  90  29218.467
  85  29996.264
  80  30324.501
  75  31464.617
  70  31412.044
  65  32494.134
  60  33195.514
  55  33671.140
  50  35269.121
  45  36503.467
  40  38178.893
  35  39567.294
  30  41767.875
  25  45304.117
  20  49819.593
  15  56012.842
  10  65865.590
   5  81106.783
   0 104661.907
  -5 163087.593
 -10  22167.070
 -15    213.557
 -20      4.995
 -25      0.000
 -30      0.000
 -35      0.000
 -40      0.000
 -45      0.000
 -50      0.000
