 150    100.790
 145    177.631
 140    190.604
 135    243.486
 130    259.461
 125    307.356
 120    448.517
 115    518.444
 110    740.204
 105   1047.874
 100   1580.300
  95   2529.314
  90   3986.782
  85   6166.476
  80   9158.116
  75  13043.895
  70  17269.315
  65  21477.976
  60  24437.851
  55  27326.897
  50  28635.274
  45  29501.021
  40  30338.170
  35  31019.944
  30  31997.022
  25  32986.441
  20  34938.546
  15  37212.996
  10  41399.785
   5  49737.129
   0  64959.299
  -5 112289.000
 -10    819.302
 -15      2.994
 -20      0.000
 -25      0.000
 -30      0.000
 -35      0.000
 -40      0.000
 -45      0.000
 -50      0.000
