 150   1292.318
 145   1622.631
 140   2065.714
 135   2853.083
 130   3802.126
 125   4983.669
 120   6326.199
 115   7784.639
 110   9649.627
 105  11560.013
 100  13056.907
  95  14746.357
  90  16235.344
  85  17452.803
  80  18487.638
  75  19337.193
  70  19991.489
  65  21134.168
  60  21188.056
  55  22211.932
  50  22939.332
  45  23640.874
  40  24334.530
  35  25284.509
  30  25866.302
  25  27767.150
  20  29789.187
  15  32746.052
  10  37560.063
   5  46198.139
   0  64271.572
  -5 116033.997
 -10  23129.030
 -15    197.590
 -20      0.998
 -25      0.998
 -30      0.000
 -35      0.000
 -40      0.000
 -45      0.000
 -50      0.000
