 150  22175.985
 145  22665.945
 140  22743.807
 135  23235.809
 130  23800.709
 125  24157.921
 120  24704.443
 115  24457.732
 110  25156.956
 105  25791.483
 100  25674.725
  95  26430.078
  90  26497.072
  85  27142.706
  80  27963.975
  75  28522.310
  70  29303.469
  65  30312.133
  60  31264.158
  55  32927.708
  50  33870.617
  45  36397.366
  40  39115.874
  35  43165.389
  30  47652.074
  25  56613.141
  20  67659.606
  15  84546.566
  10 116477.310
   5 201661.552
   0 522990.272
  -5 1626560.634
 -10 1470445.296
 -15 356353.922
 -20 140272.356
 -25  30980.746
 -30   4474.715
 -35    635.682
 -40     77.839
 -45      9.979
 -50      0.000
