 150  20741.981
 145  21148.097
 140  21127.161
 135  21508.456
 130  21717.067
 125  22139.106
 120  22577.751
 115  22806.506
 110  23317.957
 105  23841.529
 100  23840.531
  95  24833.347
  90  24877.454
  85  25718.634
  80  26743.481
  75  27229.701
  70  28417.366
  65  30124.492
  60  30829.091
  55  32781.012
  50  35263.757
  45  37796.459
  40  41363.213
  35  45804.863
  30  50432.353
  25  57380.373
  20  66521.967
  15  78267.517
  10  95554.724
   5 126121.424
   0 189406.792
  -5 403937.618
 -10  45192.226
 -15  15926.936
 -20    905.126
 -25     98.795
 -30      1.996
 -35      1.996
 -40      0.000
 -45      0.000
 -50      0.000
