 150  19351.864
 145  19600.310
 140  20418.631
 135  20070.414
 130  20385.801
 125  20596.304
 120  21354.066
 115  21292.132
 110  21861.521
 105  22138.064
 100  22303.720
  95  23099.000
  90  23483.319
  85  23771.697
  80  24707.707
  75  25655.395
  70  26225.729
  65  28165.556
  60  28961.962
  55  31033.636
  50  32361.785
  45  34729.831
  40  38577.951
  35  42174.446
  30  46746.002
  25  53703.323
  20  62360.602
  15  73305.817
  10  89641.993
   5 117743.799
   0 176410.771
  -5 378786.881
 -10 107842.227
 -15  51898.363
 -20  21383.714
 -25   1812.241
 -30    360.253
 -35     67.859
 -40      2.994
 -45      3.992
 -50      0.000
