 150  19318.913
 145  19537.440
 140  19809.894
 135  19855.839
 130  20538.485
 125  20731.025
 120  21229.200
 115  20765.698
 110  21447.965
 105  22105.132
 100  21848.664
  95  22450.348
  90  22595.183
  85  23364.542
  80  23805.580
  75  24441.701
  70  25229.802
  65  26360.302
  60  27523.943
  55  29388.049
  50  30823.979
  45  32663.126
  40  35584.163
  35  38512.049
  30  42186.463
  25  47844.615
  20  54945.987
  15  63293.602
  10  73454.582
   5  87947.509
   0 115131.986
  -5 200341.690
 -10  46238.010
 -15  25755.583
 -20   1783.307
 -25    281.416
 -30     36.923
 -35      4.990
 -40      0.000
 -45      0.000
 -50      0.998
