 150  20663.145
 145  20777.865
 140  20680.109
 135  20836.847
 130  21182.174
 125  21474.483
 120  22103.261
 115  21913.465
 110  22290.060
 105  22898.486
 100  23324.601
  95  23915.280
  90  24416.409
  85  24860.415
  80  25823.391
  75  26770.195
  70  27822.979
  65  29522.740
  60  30973.791
  55  32790.991
  50  35279.724
  45  37267.521
  40  41205.499
  35  45724.031
  30  51364.419
  25  59051.579
  20  67928.049
  15  80154.679
  10  98309.909
   5 127985.430
   0 186377.081
  -5 381442.219
 -10 105367.573
 -15  51585.908
 -20  26781.562
 -25   2520.767
 -30    559.839
 -35    104.783
 -40     20.956
 -45     13.971
 -50      0.000
