 150  13473.043
 145  14948.966
 140  16204.376
 135  17365.983
 130  18596.487
 125  19937.669
 120  20709.737
 115  21002.443
 110  21440.951
 105  22365.591
 100  22305.716
  95  22843.531
  90  23120.072
  85  23199.883
  80  23583.065
  75  23698.500
  70  24464.676
  65  25070.005
  60  25416.287
  55  26297.459
  50  26949.998
  45  27737.362
  40  28970.914
  35  30158.391
  30  32292.960
  25  35634.693
  20  40774.393
  15  50134.970
  10  66766.460
   5 100502.457
   0 163533.504
  -5 394006.648
 -10  53775.470
 -15   4855.929
 -20    211.562
 -25     11.975
 -30      5.988
 -35      0.000
 -40      0.000
 -45      0.000
 -50      0.000
