 150  23909.412
 145  23842.503
 140  24328.518
 135  24316.616
 130  25066.113
 125  25593.944
 120  26004.072
 115  26380.667
 110  27051.946
 105  27640.646
 100  28166.554
  95  29115.498
  90  29488.870
  85  30248.265
  80  31239.148
  75  32714.799
  70  34099.241
  65  35987.326
  60  37573.111
  55  39902.243
  50  42696.320
  45  45163.151
  40  48905.521
  35  52965.045
  30  57314.073
  25  63631.660
  20  70716.264
  15  80374.143
  10  94516.877
   5 118815.576
   0 165991.402
  -5 312070.517
 -10 261654.068
 -15  65798.534
 -20  56736.499
 -25  32829.911
 -30   4575.515
 -35   1089.740
 -40    322.331
 -45    121.747
 -50     28.940
