 150  19912.701
 145  20344.764
 140  20490.482
 135  20857.783
 130  21454.589
 125  21788.832
 120  22277.074
 115  22503.831
 110  23065.228
 105  23710.800
 100  24099.993
  95  24895.268
  90  25230.697
  85  25471.173
  80  26676.619
  75  27708.186
  70  29008.729
  65  30466.781
  60  31752.178
  55  33279.977
  50  35547.169
  45  38166.690
  40  41267.370
  35  45315.924
  30  49287.728
  25  55642.240
  20  63020.233
  15  70391.866
  10  81922.012
   5  98012.722
   0 125597.260
  -5 188376.554
 -10 444704.239
 -15  46753.034
 -20  30848.114
 -25   3953.800
 -30    539.881
 -35     80.832
 -40     22.952
 -45      1.996
 -50      1.996
