 150   4509.642
 145   5706.154
 140   7007.460
 135   8475.422
 130  10078.128
 125  11952.223
 120  13688.299
 115  15124.756
 110  16680.086
 105  18142.355
 100  19069.431
  95  20072.290
  90  20612.271
  85  21032.379
  80  21246.891
  75  21776.568
  70  21894.442
  65  22207.919
  60  22640.067
  55  22845.618
  50  23305.571
  45  23730.688
  40  24265.649
  35  24574.982
  30  25685.677
  25  27604.353
  20  29662.450
  15  33542.400
  10  38954.170
   5  50235.761
   0  72921.615
  -5 146107.389
 -10  34460.460
 -15   1277.351
 -20     47.901
 -25      1.996
 -30      0.000
 -35      0.000
 -40      0.000
 -45      0.000
 -50      0.000
