 150  19658.229
 145  20245.969
 140  20087.319
 135  20223.098
 130  20774.996
 125  20938.594
 120  21318.104
 115  21550.854
 110  22167.192
 105  22573.161
 100  22869.546
  95  23693.764
  90  23656.959
  85  24410.373
  80  24999.102
  75  25796.243
  70  26884.019
  65  28374.124
  60  29633.570
  55  31199.293
  50  33325.782
  45  35801.604
  40  38512.087
  35  42602.557
  30  47117.232
  25  53359.692
  20  60513.435
  15  70195.275
  10  83742.235
   5 104218.850
   0 142031.143
  -5 228585.998
 -10  58265.100
 -15  27525.911
 -20   7816.811
 -25    665.620
 -30    122.746
 -35     17.963
 -40      1.996
 -45      3.992
 -50      0.000
