 150  18992.609
 145  19559.395
 140  20015.488
 135  19932.719
 130  20890.777
 125  21195.041
 120  21766.623
 115  22262.091
 110  22704.615
 105  23666.891
 100  24008.183
  95  25090.786
  90  26165.784
  85  27422.099
  80  28306.265
  75  29444.318
  70  31441.075
  65  33231.046
  60  35765.857
  55  38636.867
  50  41604.587
  45  45813.753
  40  49634.059
  35  54803.174
  30  61023.376
  25  70538.242
  20  80646.658
  15  94312.302
  10 114624.924
   5 146149.739
   0 207885.222
  -5 405896.735
 -10 391334.763
 -15  57733.146
 -20  43029.885
 -25  23973.232
 -30   3079.616
 -35    664.622
 -40    220.542
 -45     73.847
 -50     33.930
