 150    935.061
 145   1191.528
 140   1608.664
 135   2329.172
 130   3298.166
 125   4555.552
 120   5914.648
 115   7602.835
 110   9617.671
 105  11949.217
 100  14113.728
  95  16101.541
  90  18028.627
  85  19621.286
  80  20950.549
  75  21648.728
  70  22616.687
  65  23337.575
  60  23538.158
  55  24244.692
  50  24481.153
  45  24855.326
  40  25652.796
  35  26095.825
  30  27108.722
  25  28099.793
  20  29824.145
  15  31967.635
  10  35610.109
   5  42010.828
   0  55333.184
  -5  89911.344
 -10  34099.244
 -15    153.681
 -20      0.998
 -25      0.000
 -30      0.000
 -35      0.000
 -40      0.000
 -45      0.000
 -50      0.000
