 150  21669.058
 145  22044.236
 140  22310.705
 135  22629.112
 130  23149.081
 125  23882.492
 120  24550.633
 115  24588.592
 110  25357.766
 105  26220.592
 100  26405.209
  95  27528.795
  90  28073.803
  85  29135.573
  80  30057.600
  75  31066.572
  70  32663.788
  65  34988.399
  60  36383.577
  55  39472.135
  50  41930.910
  45  45554.338
  40  49206.896
  35  54318.235
  30  59857.795
  25  67132.899
  20  75923.459
  15  87926.465
  10 105425.243
   5 135988.959
   0 203184.190
  -5 445550.147
 -10 146186.663
 -15  60812.874
 -20  47582.457
 -25  12814.423
 -30   1665.547
 -35    508.944
 -40     98.795
 -45     43.909
 -50     18.961
