 150  18852.880
 145  19352.824
 140  19883.741
 135  20259.981
 130  21027.452
 125  21177.100
 120  21684.689
 115  21574.829
 110  22235.097
 105  22487.339
 100  22383.554
  95  22993.220
  90  23448.391
  85  23795.648
  80  24207.769
  75  24411.733
  70  24800.315
  65  26074.921
  60  26250.556
  55  27293.394
  50  28172.458
  45  28936.869
  40  30580.576
  35  32910.677
  30  35455.395
  25  39688.335
  20  44922.785
  15  52147.793
  10  64711.723
   5  86816.855
   0 132649.619
  -5 292724.012
 -10 220248.205
 -15  77790.662
 -20  12745.591
 -25   1120.676
 -30     97.797
 -35      4.990
 -40      0.000
 -45      0.000
 -50      0.000
