 150    190.604
 145    207.569
 140    282.414
 135    425.118
 130    592.772
 125    746.453
 120   1035.887
 115   1425.469
 110   1990.862
 105   2731.332
 100   3620.487
  95   4898.820
  90   6242.060
  85   7592.254
  80   9425.433
  75  11030.132
  70  12563.482
  65  14182.571
  60  15468.933
  55  16336.119
  50  16942.793
  45  17664.294
  40  18574.458
  35  19031.491
  30  19822.848
  25  21260.167
  20  22749.794
  15  24777.587
  10  28464.935
   5  35777.761
   0  52204.623
  -5 121052.453
 -10  37532.083
 -15    613.727
 -20      9.979
 -25      0.000
 -30      0.000
 -35      0.000
 -40      0.000
 -45      0.000
 -50      0.000
