 150    247.486
 145    338.298
 140    420.128
 135    556.845
 130    732.483
 125   1081.758
 120   1516.370
 115   2072.774
 110   2833.953
 105   4023.651
 100   5484.619
  95   7136.171
  90   9127.080
  85  11265.635
  80  13541.901
  75  15457.368
  70  17096.604
  65  18912.775
  60  20099.314
  55  21156.122
  50  21667.974
  45  22309.641
  40  22729.858
  35  23409.402
  30  23873.439
  25  25668.406
  20  27330.290
  15  29628.521
  10  34263.902
   5  43318.115
   0  63602.960
  -5 142682.648
 -10  19250.075
 -15    119.752
 -20      0.998
 -25      0.000
 -30      0.000
 -35      0.000
 -40      0.000
 -45      0.000
 -50      0.000
