 150  18071.520
 145  18447.703
 140  18180.276
 135  18506.654
 130  18991.687
 125  18975.663
 120  19575.975
 115  19507.049
 110  19652.893
 105  19889.729
 100  19874.760
  95  20476.450
  90  20106.320
  85  20816.826
  80  21249.885
  75  21466.902
  70  21865.429
  65  22696.904
  60  23157.993
  55  23924.381
  50  25375.296
  45  26249.454
  40  28133.623
  35  30233.236
  30  32652.247
  25  36710.573
  20  41719.432
  15  48453.411
  10  57593.494
   5  71907.863
   0  97184.246
  -5 164565.034
 -10  25325.450
 -15   8310.763
 -20    307.363
 -25     25.946
 -30      0.998
 -35      0.000
 -40      0.000
 -45      0.000
 -50      0.000
