 150  19479.580
 145  19680.144
 140  19885.737
 135  20125.280
 130  20731.087
 125  20905.663
 120  21489.920
 115  21389.028
 110  22063.304
 105  22328.668
 100  22183.968
  95  22522.199
  90  23034.273
  85  23453.358
  80  24061.049
  75  24721.400
  70  25192.842
  65  26532.944
  60  27098.824
  55  28219.473
  50  29544.636
  45  31123.326
  40  32695.158
  35  35380.550
  30  38839.408
  25  43533.245
  20  49024.275
  15  56760.166
  10  67429.085
   5  82663.473
   0 108569.609
  -5 164223.743
 -10  48712.872
 -15  22792.728
 -20    982.964
 -25    117.756
 -30     15.967
 -35      0.000
 -40      0.000
 -45      0.000
 -50      0.000
