 150  20172.163
 145  20364.723
 140  20501.459
 135  20715.078
 130  21151.217
 125  21214.023
 120  21890.490
 115  21510.897
 110  22068.299
 105  22442.432
 100  22482.349
  95  22890.434
  90  23327.642
  85  23727.789
  80  23791.609
  75  24424.719
  70  25000.050
  65  26252.526
  60  26685.681
  55  27710.528
  50  29016.732
  45  30287.063
  40  31948.706
  35  34480.419
  30  37114.986
  25  42361.504
  20  48433.500
  15  56610.477
  10  69357.084
   5  90810.659
   0 129278.618
  -5 220921.924
 -10  62271.786
 -15  27698.553
 -20   1247.417
 -25    150.687
 -30     13.971
 -35      0.000
 -40      1.996
 -45      0.998
 -50      0.000
