 150  19384.796
 145  19791.912
 140  19961.600
 135  20057.461
 130  20602.374
 125  20756.971
 120  21432.981
 115  21497.911
 110  21814.571
 105  22389.542
 100  22425.467
  95  22375.481
  90  23129.077
  85  23538.158
  80  23847.493
  75  24662.463
  70  24931.099
  65  25918.220
  60  26746.554
  55  28009.907
  50  29153.448
  45  30997.556
  40  32833.870
  35  35550.162
  30  39036.000
  25  43356.435
  20  48967.393
  15  56199.386
  10  66132.708
   5  81458.973
   0 109864.920
  -5 188159.440
 -10  44650.440
 -15  24489.161
 -20   1648.587
 -25    213.557
 -30     32.932
 -35      0.000
 -40      0.000
 -45      0.000
 -50      0.000
