 150  17949.754
 145  19025.503
 140  19743.033
 135  20656.159
 130  21336.811
 125  22165.052
 120  22465.849
 115  22615.711
 110  22882.401
 105  23599.032
 100  23407.430
  95  23623.910
  90  23398.495
  85  24153.905
  80  24628.895
  75  24376.771
  70  25223.859
  65  25730.635
  60  26359.331
  55  27253.476
  50  27654.534
  45  28716.327
  40  29868.054
  35  31728.132
  30  33750.933
  25  37767.400
  20  42528.753
  15  50743.707
  10  63821.570
   5  89904.448
   0 141269.724
  -5 271039.052
 -10  57777.170
 -15  17125.482
 -20    652.648
 -25     38.919
 -30      2.994
 -35      1.996
 -40      0.000
 -45      0.000
 -50      0.000
