 150  20162.184
 145  20427.592
 140  20665.140
 135  20839.841
 130  21275.980
 125  21706.003
 120  22228.127
 115  22365.979
 110  23118.171
 105  23210.838
 100  23754.709
  95  24620.813
  90  24914.377
  85  26150.737
  80  27187.559
  75  28358.486
  70  29884.754
  65  31488.661
  60  33865.796
  55  36118.091
  50  38808.395
  45  42257.147
  40  45976.599
  35  51181.696
  30  57601.477
  25  64897.300
  20  74991.393
  15  87663.099
  10 107408.021
   5 140403.662
   0 208775.582
  -5 456961.064
 -10  91144.058
 -15  46871.694
 -20  41281.547
 -25   9027.259
 -30   1176.561
 -35    420.129
 -40    117.756
 -45     25.946
 -50     23.950
