 150  19637.272
 145  20260.938
 140  20450.565
 135  20969.551
 130  21395.711
 125  21900.600
 120  22301.049
 115  22937.365
 110  23324.949
 105  24139.910
 100  24246.688
  95  25206.621
  90  25974.156
  85  26293.467
  80  27212.507
  75  28549.281
  70  29404.302
  65  31439.762
  60  32596.428
  55  34507.432
  50  36555.075
  45  39041.871
  40  42591.622
  35  46567.326
  30  50905.371
  25  57431.319
  20  64312.551
  15  74149.067
  10  88460.445
   5 112294.102
   0 155974.198
  -5 268688.665
 -10 102353.616
 -15  35029.349
 -20  12887.310
 -25    962.005
 -30    149.690
 -35     50.894
 -40      1.996
 -45      4.990
 -50      0.000
