 150  19971.579
 145  20003.473
 140  19903.720
 135  20237.089
 130  20647.281
 125  21070.321
 120  20951.498
 115  20966.482
 110  21279.146
 105  22101.140
 100  21927.500
  95  22716.772
  90  23189.950
  85  23792.630
  80  24290.573
  75  24963.140
  70  26196.734
  65  27466.008
  60  28694.516
  55  30597.541
  50  32501.494
  45  35587.015
  40  38361.400
  35  42972.746
  30  48004.391
  25  55615.269
  20  65183.744
  15  78482.150
  10  98889.705
   5 132273.532
   0 189519.557
  -5 346199.559
 -10 114945.718
 -15  42353.075
 -20  20475.615
 -25   1723.422
 -30    307.363
 -35     65.863
 -40      7.983
 -45      2.994
 -50      0.000
