 150  16428.926
 145  16830.061
 140  17174.380
 135  17728.285
 130  18086.579
 125  18737.139
 120  19453.107
 115  19741.797
 110  20448.039
 105  21560.262
 100  21593.194
  95  22316.559
  90  23266.791
  85  24449.268
  80  25199.711
  75  26435.555
  70  27952.839
  65  30339.046
  60  31763.155
  55  34565.312
  50  36991.169
  45  40404.998
  40  43889.972
  35  48999.229
  30  54953.971
  25  63166.160
  20  74321.782
  15  91572.986
  10 124310.806
   5 193448.594
   0 360881.449
  -5 750316.342
 -10 547817.375
 -15  65288.461
 -20  29548.804
 -25   3967.763
 -30    725.496
 -35    184.617
 -40     29.938
 -45     13.971
 -50      4.990
