 150  19656.233
 145  20247.985
 140  20572.333
 135  20706.076
 130  20939.613
 125  21038.366
 120  21355.065
 115  21267.159
 110  21795.592
 105  21711.969
 100  22011.348
  95  22355.545
  90  22213.950
  85  22276.776
  80  22944.413
  75  23177.085
  70  23487.751
  65  23843.525
  60  24067.061
  55  24641.868
  50  25231.594
  45  25870.216
  40  27145.700
  35  27709.475
  30  29034.724
  25  31856.754
  20  34787.850
  15  38464.148
  10  44647.357
   5  53291.420
   0  70873.937
  -5 119400.125
 -10  41172.567
 -15  23202.877
 -20   1130.656
 -25     99.793
 -30      4.990
 -35      0.000
 -40      1.996
 -45      0.000
 -50      0.000
