 150  21795.796
 145  22163.988
 140  22542.225
 135  22687.015
 130  23302.787
 125  24154.927
 120  24437.754
 115  24671.503
 110  25809.281
 105  26578.849
 100  26935.110
  95  27928.908
  90  28787.353
  85  30206.322
  80  30839.976
  75  32513.016
  70  34237.092
  65  36066.163
  60  38268.669
  55  40842.293
  50  43630.380
  45  47239.836
  40  51467.257
  35  56061.560
  30  61592.196
  25  69231.645
  20  78229.673
  15  89057.117
  10 106047.951
   5 132824.522
   0 182769.570
  -5 333321.358
 -10 388450.964
 -15  74527.281
 -20  51159.101
 -25  26728.512
 -30   4199.295
 -35    876.183
 -40    282.414
 -45    104.783
 -50     46.903
