 150  19386.792
 145  19386.753
 140  20213.078
 135  20169.230
 130  20268.065
 125  20931.609
 120  21469.941
 115  21511.896
 110  21835.549
 105  22071.202
 100  21686.999
  95  22140.969
  90  22216.966
  85  23026.221
  80  23067.113
  75  22976.278
  70  23674.455
  65  24194.796
  60  23897.461
  55  24667.839
  50  24399.323
  45  25176.658
  40  25892.274
  35  25898.209
  30  25494.100
  25  26644.384
  20  27015.942
  15  27967.966
  10  29346.078
   5  31868.872
   0  36822.556
  -5  49403.192
 -10  38036.151
 -15  11072.014
 -20    700.550
 -25    119.751
 -30     31.934
 -35     22.952
 -40     19.959
 -45     16.965
 -50     10.977
