 150  12675.711
 145  13080.844
 140  13424.158
 135  13642.746
 130  13827.391
 125  14453.039
 120  14830.073
 115  14727.183
 110  15219.654
 105  15534.765
 100  15150.563
  95  15671.419
  90  16201.431
  85  16826.086
  80  16950.810
  75  17132.565
  70  17725.874
  65  18112.417
  60  18780.069
  55  19385.794
  50  19642.203
  45  20254.890
  40  21390.614
  35  21268.825
  30  21378.639
  25  22146.215
  20  23621.984
  15  24655.839
  10  27040.863
   5  31360.926
   0  39304.404
  -5  64575.618
 -10  15687.480
 -15   3526.679
 -20    269.442
 -25     80.832
 -30     21.954
 -35     13.971
 -40     12.973
 -45     11.975
 -50     10.977
