 150  16586.599
 145  17565.551
 140  17753.180
 135  18426.801
 130  19321.965
 125  19386.792
 120  20026.492
 115  20330.165
 110  20394.097
 105  21037.368
 100  21440.532
  95  21822.653
  90  22327.715
  85  22418.482
  80  23162.960
  75  23690.533
  70  24299.878
  65  25089.938
  60  25493.102
  55  26351.321
  50  26894.141
  45  27893.010
  40  28409.080
  35  29906.913
  30  30995.653
  25  33214.295
  20  35536.298
  15  38812.425
  10  44329.017
   5  55593.643
   0  80386.199
  -5 139235.946
 -10  69658.459
 -15  35025.357
 -20   1797.274
 -25    148.692
 -30     13.971
 -35      3.992
 -40      0.000
 -45      0.000
 -50      0.000
