 150   2734.329
 145   3565.601
 140   4338.003
 135   5768.043
 130   7255.966
 125   9168.984
 120  10948.242
 115  12674.388
 110  14642.274
 105  16686.392
 100  18171.313
  95  19366.756
  90  20494.515
  85  21391.612
  80  22234.885
  75  22430.887
  70  23218.041
  65  23820.572
  60  23939.326
  55  24646.858
  50  24856.373
  45  25230.546
  40  26000.076
  35  26479.030
  30  27503.902
  25  28514.347
  20  30309.139
  15  32602.318
  10  36433.401
   5  43068.633
   0  57029.663
  -5  94293.247
 -10  31457.725
 -15    851.235
 -20     22.952
 -25      0.000
 -30      0.000
 -35      0.000
 -40      0.000
 -45      0.000
 -50      0.000
