 150  20737.989
 145  21414.543
 140  21778.831
 135  22138.152
 130  22723.984
 125  23116.080
 120  24261.943
 115  24603.576
 110  25563.545
 105  26304.418
 100  26864.257
  95  28318.127
  90  29101.701
  85  30742.210
  80  31195.239
  75  32720.792
  70  34573.695
  65  37101.015
  60  39327.474
  55  41932.033
  50  44904.733
  45  48592.975
  40  52748.547
  35  57610.343
  30  62843.600
  25  70037.779
  20  77204.800
  15  88046.304
  10 102216.798
   5 126696.106
   0 176408.775
  -5 350528.550
 -10 240230.003
 -15  62033.219
 -20  44124.662
 -25  26005.014
 -30   4466.740
 -35    948.034
 -40    316.343
 -45    135.719
 -50     52.890
