 150  19358.850
 145  19953.576
 140  20143.223
 135  20760.006
 130  21391.740
 125  21606.210
 120  22294.056
 115  22440.898
 110  23282.994
 105  24071.053
 100  24302.572
  95  25195.618
  90  26245.619
  85  27446.049
  80  28057.752
  75  29879.849
  70  30867.694
  65  33166.180
  60  35043.355
  55  37482.262
  50  40177.551
  45  43414.741
  40  47628.172
  35  51784.444
  30  57318.065
  25  64289.953
  20  72355.862
  15  84222.239
  10  98403.714
   5 124998.628
   0 175611.431
  -5 341132.104
 -10  88457.627
 -15  35398.513
 -20  26508.128
 -25   6021.499
 -30    709.529
 -35    188.609
 -40     68.857
 -45     25.946
 -50      8.981
