 150  22879.548
 145  23178.881
 140  23727.789
 135  24273.729
 130  24568.168
 125  25155.852
 120  25609.495
 115  26219.840
 110  26539.497
 105  27578.774
 100  28014.869
  95  29534.598
  90  29952.938
  85  31475.688
  80  32471.589
  75  34064.347
  70  36055.097
  65  38683.731
  60  41412.153
  55  44468.772
  50  47835.645
  45  52215.444
  40  56997.730
  35  62952.248
  30  69654.467
  25  79960.123
  20  92163.760
  15 108270.339
  10 132600.721
   5 180309.857
   0 324427.489
  -5 903105.637
 -10 337281.815
 -15 117480.111
 -20  89683.355
 -25  43609.467
 -30   7716.005
 -35   1712.448
 -40    482.997
 -45    118.754
 -50     25.946
