 150  26004.068
 145  26170.670
 140  26924.132
 135  27238.562
 130  28127.776
 125  28757.386
 120  29838.953
 115  30010.768
 110  31193.498
 105  32499.563
 100  32800.938
  95  34382.553
  90  35156.121
  85  36823.628
  80  38172.753
  75  39633.355
  70  41827.910
  65  45012.599
  60  47171.214
  55  50627.998
  50  53707.450
  45  58458.523
  40  63503.231
  35  68783.206
  30  75751.815
  25  85698.959
  20  96986.752
  15 111940.611
  10 134168.600
   5 171821.642
   0 256976.517
  -5 603087.784
 -10 360800.339
 -15 108275.437
 -20  71850.198
 -25  41237.473
 -30  10312.622
 -35   2059.728
 -40    617.718
 -45    271.437
 -50     83.826
