 150  21582.217
 145  21931.470
 140  22128.084
 135  22072.222
 130  22445.515
 125  22665.015
 120  23110.157
 115  23062.231
 110  23510.726
 105  23706.808
 100  23758.701
  95  24220.669
  90  24011.225
  85  24369.458
  80  25055.011
  75  25303.773
  70  25978.048
  65  26740.540
  60  26992.019
  55  28629.622
  50  29458.785
  45  30490.640
  40  32070.486
  35  34218.961
  30  36669.873
  25  41711.161
  20  47626.176
  15  55272.310
  10  67156.650
   5  85703.166
   0 125878.676
  -5 266234.032
 -10 104078.142
 -15  57428.892
 -20   5731.125
 -25    673.603
 -30     39.917
 -35      8.981
 -40      1.996
 -45      0.000
 -50      0.000
