 150  20917.617
 145  21626.104
 140  21710.971
 135  22189.046
 130  22247.969
 125  23059.175
 120  23788.451
 115  23851.384
 110  24508.678
 105  25420.253
 100  25462.166
  95  26803.222
  90  27493.034
  85  28098.695
  80  29280.243
  75  30306.390
  70  31956.519
  65  34207.020
  60  36299.751
  55  38593.956
  50  41562.674
  45  45337.743
  40  49751.815
  35  55810.082
  30  62714.867
  25  73896.635
  20  87426.590
  15 104957.214
  10 130425.107
   5 168661.028
   0 251719.179
  -5 552311.193
 -10 328910.169
 -15  89462.276
 -20  31496.770
 -25   2771.247
 -30    368.237
 -35     28.940
 -40      4.990
 -45      0.000
 -50      0.000
