 150  18997.599
 145  19385.755
 140  19451.638
 135  19642.321
 130  20357.880
 125  20454.598
 120  21243.185
 115  21229.200
 110  21457.954
 105  22006.337
 100  22537.235
  95  23053.050
  90  23625.049
  85  24264.651
  80  24708.705
  75  26465.523
  70  27247.627
  65  29519.747
  60  30619.526
  55  33222.097
  50  35515.235
  45  38520.953
  40  42586.675
  35  47443.460
  30  53843.275
  25  62406.975
  20  73120.275
  15  89160.902
  10 112898.735
   5 148173.688
   0 212129.619
  -5 415765.040
 -10 222751.790
 -15  58653.236
 -20  46194.378
 -25   8725.885
 -30   1159.596
 -35    270.439
 -40     43.909
 -45     16.965
 -50      4.990
