 150      7.983
 145      7.983
 140      6.986
 135     14.969
 130     13.971
 125     23.950
 120     21.976
 115     35.961
 110     32.965
 105     53.888
 100     44.907
  95     52.890
  90     65.863
  85    103.785
  80    105.780
  75    113.877
  70    200.784
  65    312.352
  60    474.017
  55    764.415
  50   1436.016
  45   2662.467
  40   4762.119
  35   7593.236
  30  10983.199
  25  14283.659
  20  17493.701
  15  20264.950
  10  22343.637
   5  25865.329
   0  33829.769
  -5  60499.282
 -10    346.281
 -15      0.000
 -20      0.000
 -25      0.000
 -30      0.000
 -35      0.000
 -40      0.000
 -45      0.000
 -50      0.000
