 150    214.555
 145    271.436
 140    391.188
 135    454.058
 130    681.588
 125    917.099
 120   1319.583
 115   1842.022
 110   2565.245
 105   3582.566
 100   4778.085
  95   6217.081
  90   7876.672
  85   9840.591
  80  11730.647
  75  13605.361
  70  15275.563
  65  17132.450
  60  18219.232
  55  19808.916
  50  20432.541
  45  21460.405
  40  22542.225
  35  23764.665
  30  24710.701
  25  26498.541
  20  28857.121
  15  31892.822
  10  36794.651
   5  46526.458
   0  69918.848
  -5 150940.346
 -10  23758.677
 -15    170.646
 -20      2.994
 -25      0.000
 -30      0.000
 -35      0.000
 -40      0.000
 -45      0.000
 -50      0.000
