 150      0.998
 145      4.990
 140      9.979
 135     10.977
 130      7.983
 125      5.988
 120     14.984
 115     20.977
 110     35.961
 105     30.936
 100     37.921
  95     39.917
  90     65.864
  85     59.876
  80     86.820
  75    111.880
  70    161.826
  65    279.420
  60    415.139
  55    816.307
  50   1647.578
  45   2968.831
  40   5150.313
  35   8254.863
  30  11889.330
  25  15353.510
  20  18659.282
  15  20960.486
  10  22515.281
   5  25623.831
   0  31293.036
  -5  49766.585
 -10   3019.731
 -15      0.000
 -20      0.000
 -25      0.000
 -30      0.000
 -35      0.000
 -40      0.000
 -45      0.000
 -50      0.000
