 150  21061.298
 145  20923.563
 140  21332.735
 135  21771.867
 130  22204.038
 125  22400.564
 120  23116.173
 115  23051.243
 110  23448.816
 105  24007.185
 100  24178.829
  95  25051.942
  90  25429.310
  85  26170.722
  80  26769.427
  75  28237.616
  70  28953.788
  65  30042.661
  60  31381.945
  55  33334.863
  50  35614.030
  45  38544.904
  40  41306.289
  35  45175.216
  30  49979.293
  25  56971.812
  20  64634.883
  15  75477.309
  10  91632.862
   5 117509.168
   0 173326.175
  -5 380663.980
 -10 138653.156
 -15  65178.819
 -20  32395.908
 -25   3316.122
 -30    591.772
 -35     91.810
 -40     18.961
 -45      0.000
 -50      2.994
