 150   1550.784
 145   2144.550
 140   2776.242
 135   3648.437
 130   4676.311
 125   5897.768
 120   7242.222
 115   8721.633
 110  10468.757
 105  12505.064
 100  14338.262
  95  15769.232
  90  17214.315
  85  18630.342
  80  19669.206
  75  20906.525
  70  21546.837
  65  22852.581
  60  22914.453
  55  24058.079
  50  24195.745
  45  25174.662
  40  25846.395
  35  26662.648
  30  27740.411
  25  29703.069
  20  31897.844
  15  35333.647
  10  41322.256
   5  52616.820
   0  77211.786
  -5 153815.679
 -10  84935.758
 -15  11825.474
 -20    266.448
 -25      2.994
 -30      2.994
 -35      0.000
 -40      0.000
 -45      0.000
 -50      0.000
