 150     30.936
 145     43.909
 140     46.903
 135     50.894
 130     55.884
 125     58.878
 120     77.916
 115     93.899
 110    121.869
 105    135.718
 100    203.578
  95    266.446
  90    425.119
  85    630.692
  80    974.976
  75   1580.300
  70   2272.555
  65   3627.473
  60   5396.812
  55   7558.324
  50   9990.240
  45  12714.579
  40  15297.258
  35  17254.180
  30  18706.166
  25  20217.287
  20  21628.122
  15  23251.753
  10  25673.727
   5  31894.818
   0  50971.184
  -5 168770.295
 -10  21492.382
 -15    107.776
 -20      0.000
 -25      0.000
 -30      0.000
 -35      0.000
 -40      0.000
 -45      0.000
 -50      0.000
