 150  21707.978
 145  22475.341
 140  22571.187
 135  23041.282
 130  23042.325
 125  23921.387
 120  24608.570
 115  24748.420
 110  25427.691
 105  26321.383
 100  26310.406
  95  27746.260
  90  28383.190
  85  29012.798
  80  30230.272
  75  31131.503
  70  32842.563
  65  35018.337
  60  37006.286
  55  39287.518
  50  42019.725
  45  45569.262
  40  49558.216
  35  55143.467
  30  61348.701
  25  70883.871
  20  82777.237
  15  98116.408
  10 121223.219
   5 156012.275
   0 226636.276
  -5 484483.275
 -10 336599.230
 -15  81052.735
 -20  61246.159
 -25  25893.246
 -30   3487.770
 -35    885.164
 -40    185.615
 -45     60.874
 -50      6.986
