 150  18961.655
 145  19695.113
 140  19771.973
 135  20063.389
 130  20927.659
 125  21121.216
 120  21846.515
 115  21751.639
 110  22304.023
 105  22918.444
 100  23241.773
  95  23844.451
  90  23780.703
  85  24284.634
  80  25373.350
  75  25769.272
  70  26227.779
  65  27844.251
  60  28203.506
  55  29474.869
  50  30764.072
  45  32400.671
  40  34723.982
  35  37527.094
  30  41101.673
  25  46194.341
  20  52990.046
  15  63440.361
  10  78776.539
   5 108337.200
   0 174029.714
  -5 434926.657
 -10 100059.477
 -15  48518.373
 -20   4038.632
 -25    473.019
 -30     46.903
 -35      2.994
 -40      0.000
 -45      0.000
 -50      0.000
