 150  19292.967
 145  20159.150
 140  21285.832
 135  22310.728
 130  23007.352
 125  23637.998
 120  24226.956
 115  24187.023
 110  24406.763
 105  25277.549
 100  24775.591
  95  25490.032
  90  25338.473
  85  25861.364
  80  26202.630
  75  26682.290
  70  26937.016
  65  27964.003
  60  27976.976
  55  29152.538
  50  29760.158
  45  30855.881
  40  31888.862
  35  33865.695
  30  36025.212
  25  39676.348
  20  44566.524
  15  51667.789
  10  61422.548
   5  78734.626
   0 111083.391
  -5 199461.718
 -10  52495.125
 -15  16381.026
 -20    758.429
 -25     38.919
 -30      1.996
 -35      0.000
 -40      0.000
 -45      0.000
 -50      0.000
