 150  15408.044
 145  15580.655
 140  15988.839
 135  15895.081
 130  16669.511
 125  17276.169
 120  17762.923
 115  17972.697
 110  18387.252
 105  19046.479
 100  19393.758
  95  19801.792
  90  20602.312
  85  21485.418
  80  21898.560
  75  23060.187
  70  24062.037
  65  25628.820
  60  27260.489
  55  28837.192
  50  31185.228
  45  33827.672
  40  36918.431
  35  41197.433
  30  45870.818
  25  52702.398
  20  62165.008
  15  75782.751
  10  97893.675
   5 141718.933
   0 253589.295
  -5 610215.751
 -10  71781.198
 -15  28177.504
 -20   3460.833
 -25    356.260
 -30     46.903
 -35      0.998
 -40      0.000
 -45      0.000
 -50      0.000
