 150  25031.086
 145  25201.681
 140  25858.344
 135  26142.858
 130  26570.027
 125  26628.799
 120  27562.398
 115  27409.562
 110  28065.857
 105  28586.683
 100  28906.020
  95  29792.033
  90  30202.421
  85  30720.255
  80  31548.505
  75  32567.957
  70  33428.964
  65  35461.418
  60  36469.399
  55  37914.366
  50  40437.012
  45  42890.873
  40  45756.102
  35  49494.201
  30  53839.283
  25  60485.039
  20  67640.646
  15  76771.622
  10  90938.303
   5 114578.364
   0 158928.065
  -5 276380.681
 -10 108066.761
 -15  47491.408
 -20  30869.101
 -25   3588.550
 -30    649.653
 -35    161.665
 -40     38.919
 -45     12.973
 -50      7.983
