 150  19708.106
 145  20116.239
 140  20336.801
 135  20530.440
 130  21354.796
 125  22214.948
 120  22609.717
 115  22552.778
 110  23178.107
 105  23706.808
 100  24371.429
  95  25372.276
  90  25997.134
  85  26457.128
  80  27517.873
  75  28036.832
  70  29631.058
  65  31742.135
  60  33050.486
  55  35197.001
  50  37450.216
  45  40166.534
  40  43574.583
  35  48264.802
  30  53565.851
  25  60250.291
  20  68926.977
  15  80151.605
  10  96659.432
   5 123015.742
   0 170431.185
  -5 326896.709
 -10  79952.020
 -15  38365.430
 -20   9383.567
 -25    894.146
 -30    153.681
 -35     12.973
 -40      9.979
 -45      0.000
 -50      0.000
