 150      2.994
 145      2.994
 140      2.994
 135      0.998
 130      2.994
 125     12.973
 120      8.990
 115      3.996
 110      9.989
 105     11.975
 100     16.965
  95     17.963
  90     34.928
  85     39.917
  80     45.905
  75     65.929
  70     91.901
  65    120.749
  60    214.555
  55    325.325
  50    652.644
  45   1362.169
  40   2480.852
  35   4705.232
  30   7911.576
  25  12092.013
  20  15758.302
  15  19003.568
  10  21323.753
   5  24360.452
   0  30153.402
  -5  49466.209
 -10    193.598
 -15      0.000
 -20      0.000
 -25      0.000
 -30      0.000
 -35      0.000
 -40      0.000
 -45      0.000
 -50      0.000
