 150   4381.908
 145   5501.579
 140   6495.522
 135   7761.910
 130   9093.177
 125  10929.343
 120  12196.901
 115  13478.524
 110  14700.212
 105  16031.734
 100  16587.581
  95  17358.928
  90  17829.058
  85  18231.189
  80  18615.355
  75  19142.403
  70  19537.938
  65  20013.472
  60  20310.896
  55  21286.851
  50  21411.528
  45  22113.049
  40  23023.227
  35  23690.818
  30  25077.963
  25  27111.882
  20  29965.821
  15  34177.048
  10  40401.168
   5  51840.431
   0  73345.734
  -5 125957.261
 -10  35423.461
 -15   2096.652
 -20     73.847
 -25      0.998
 -30      0.000
 -35      0.000
 -40      0.000
 -45      0.000
 -50      0.000
