 150  21487.435
 145  22243.822
 140  22609.109
 135  22833.711
 130  23417.549
 125  23794.674
 120  25029.119
 115  25019.129
 110  25998.078
 105  26706.584
 100  27150.662
  95  28520.705
  90  29604.659
  85  30734.226
  80  32128.302
  75  33822.607
  70  35557.633
  65  37995.160
  60  40138.792
  55  43785.190
  50  46713.975
  45  51428.081
  40  55968.865
  35  62253.699
  30  69392.012
  25  79218.919
  20  90338.548
  15 106308.410
  10 129910.306
   5 180303.869
   0 338442.394
  -5 975338.321
 -10 1173737.841
 -15 218307.793
 -20 110411.448
 -25  74608.114
 -30  26210.665
 -35   5270.070
 -40   1259.386
 -45    388.195
 -50    118.754
