 150  18229.193
 145  18797.994
 140  19756.026
 135  19795.963
 130  20729.049
 125  20968.511
 120  21577.825
 115  21610.790
 110  21937.439
 105  22103.158
 100  22201.953
  95  22327.603
  90  22683.976
  85  23413.417
  80  23658.931
  75  24101.091
  70  24314.862
  65  25099.918
  60  25815.433
  55  26279.470
  50  26932.062
  45  27588.643
  40  28823.221
  35  30509.662
  30  31527.549
  25  34284.145
  20  37424.382
  15  41739.349
  10  48291.795
   5  57857.945
   0  74357.708
  -5 115775.650
 -10  47824.764
 -15  21093.253
 -20    800.341
 -25     80.832
 -30      0.998
 -35      2.994
 -40      0.000
 -45      0.000
 -50      0.998
