 150  21831.699
 145  22078.166
 140  22348.627
 135  22762.813
 130  23393.575
 125  23617.042
 120  24133.081
 115  24256.948
 110  24650.525
 105  25091.934
 100  25270.564
  95  25893.194
  90  26335.433
  85  26964.077
  80  27638.622
  75  28186.671
  70  28912.832
  65  30402.914
  60  31509.680
  55  32989.580
  50  34201.963
  45  36489.175
  40  38710.675
  35  41760.306
  30  45672.230
  25  51133.083
  20  57737.195
  15  64903.261
  10  76110.072
   5  91378.390
   0 124286.980
  -5 237361.762
 -10  68567.654
 -15  39718.624
 -20   6902.704
 -25    748.448
 -30     67.859
 -35      5.988
 -40      0.998
 -45      0.998
 -50      0.000
