 150  21176.081
 145  21477.413
 140  21761.844
 135  21728.999
 130  22666.104
 125  23011.298
 120  23560.696
 115  23728.516
 110  24114.101
 105  25024.075
 100  25641.793
  95  26644.579
  90  27282.471
  85  28170.546
  80  29220.339
  75  30752.910
  70  31838.678
  65  34317.791
  60  36251.850
  55  38879.364
  50  41807.167
  45  46162.075
  40  49805.703
  35  55901.892
  30  61930.494
  25  70660.111
  20  81141.631
  15  96326.027
  10 118621.860
   5 156911.565
   0 250950.028
  -5 621672.165
 -10 129954.345
 -15  61996.296
 -20  51440.518
 -25  14840.192
 -30   2010.832
 -35    616.721
 -40    158.671
 -45     46.903
 -50     15.967
