 150  23610.033
 145  24639.848
 140  24487.189
 135  25117.981
 130  25795.629
 125  26298.483
 120  27380.593
 115  27430.540
 110  28172.742
 105  28975.875
 100  29577.626
  95  30856.818
  90  31370.999
  85  32539.481
  80  33775.881
  75  34517.859
  70  36019.171
  65  38434.249
  60  40867.282
  55  42739.359
  50  45872.722
  45  48792.609
  40  52532.049
  35  57354.874
  30  62659.981
  25  69640.206
  20  78251.628
  15  87665.007
  10 103041.190
   5 128273.960
   0 172502.884
  -5 281392.267
 -10 138313.001
 -15  45119.332
 -20  31867.035
 -25  10370.471
 -30   1237.435
 -35    293.392
 -40     82.828
 -45     28.940
 -50     22.952
