 150  23473.316
 145  23829.530
 140  24205.797
 135  24832.572
 130  24948.382
 125  25192.775
 120  25940.140
 115  26082.987
 110  26610.420
 105  27390.165
 100  27562.807
  95  28449.853
  90  28462.027
  85  29594.591
  80  29891.944
  75  31354.263
  70  32296.152
  65  34408.602
  60  35710.971
  55  37585.049
  50  39769.399
  45  42593.448
  40  46582.342
  35  50801.485
  30  55855.101
  25  63930.339
  20  73645.186
  15  87560.312
  10 108610.525
   5 141365.666
   0 192655.048
  -5 341379.589
 -10  72444.822
 -15  40941.006
 -20  23816.699
 -25   2522.763
 -30    586.784
 -35    125.739
 -40     44.907
 -45     12.973
 -50      6.986
