 150      0.000
 145      0.998
 140      0.000
 135      0.000
 130      0.000
 125      0.000
 120      1.998
 115      0.000
 110      0.000
 105      0.000
 100      0.000
  95      0.998
  90      2.994
  85      3.992
  80      2.994
  75      2.997
  70      4.995
  65     11.975
  60     17.963
  55     20.957
  50     47.901
  45     62.869
  40    132.725
  35    287.403
  30    719.507
  25   1746.125
  20   3764.189
  15   7774.867
  10  13421.124
   5  19486.565
   0  27262.376
  -5  94346.759
 -10    301.375
 -15      0.000
 -20      0.000
 -25      0.000
 -30      0.000
 -35      0.000
 -40      0.000
 -45      0.000
 -50      0.000
