 150  21193.046
 145  21440.490
 140  21711.948
 135  22188.049
 130  22634.170
 125  22935.455
 120  23627.624
 115  23723.521
 110  24209.998
 105  24895.342
 100  25359.379
  95  25782.373
  90  26522.046
  85  27281.391
  80  28275.300
  75  28948.851
  70  30008.651
  65  31736.147
  60  33229.116
  55  35482.409
  50  37568.969
  45  40250.360
  40  43323.148
  35  47760.801
  30  53047.926
  25  61293.171
  20  72095.402
  15  87225.919
  10 108475.912
   5 140670.250
   0 197748.474
  -5 377008.576
 -10 247442.557
 -15  60559.279
 -20  39015.238
 -25   5491.599
 -30    815.310
 -35    151.685
 -40     33.930
 -45      9.979
 -50      2.994
