 150  15715.406
 145  16837.063
 140  17552.596
 135  17718.270
 130  18822.999
 125  19210.158
 120  19633.913
 115  19903.624
 110  20404.086
 105  20850.756
 100  21127.182
  95  21520.281
  90  21594.235
  85  22274.780
  80  23005.287
  75  23601.628
  70  23648.578
  65  25106.903
  60  25022.079
  55  25946.162
  50  26745.450
  45  27384.069
  40  28235.440
  35  30068.578
  30  31413.785
  25  34128.312
  20  36740.800
  15  40555.806
  10  46070.404
   5  58279.071
   0  85742.085
  -5 147803.161
 -10  40178.629
 -15   9708.864
 -20    383.206
 -25     14.969
 -30      4.990
 -35      0.000
 -40      0.000
 -45      1.996
 -50      0.000
