 150  24161.888
 145  24742.634
 140  24519.147
 135  24981.264
 130  25665.897
 125  25870.371
 120  26574.459
 115  26334.717
 110  26887.123
 105  27566.799
 100  27825.263
  95  28726.278
  90  28947.022
  85  29886.985
  80  30764.134
  75  31083.554
  70  32231.223
  65  33912.631
  60  34595.284
  55  36504.290
  50  38626.772
  45  40918.930
  40  44161.365
  35  48104.088
  30  52972.083
  25  59713.867
  20  68743.358
  15  80959.010
  10 100636.079
   5 133967.018
   0 202465.681
  -5 466865.453
 -10  87497.617
 -15  58006.578
 -20  19109.443
 -25   1992.863
 -30    376.220
 -35     48.899
 -40      9.979
 -45      1.996
 -50      4.990
