 150  21474.462
 145  22013.300
 140  22041.264
 135  22213.973
 130  23028.331
 125  23843.572
 120  24186.024
 115  24354.843
 110  25135.005
 105  25975.102
 100  26433.151
  95  27396.071
  90  28232.474
  85  29387.051
  80  30718.229
  75  32776.732
  70  34327.994
  65  37464.262
  60  39361.404
  55  42386.091
  50  45661.162
  45  49596.938
  40  54072.799
  35  59354.779
  30  66287.454
  25  75471.943
  20  85630.317
  15 100093.207
  10 122575.656
   5 164584.651
   0 278066.733
  -5 720005.828
 -10 663966.270
 -15 132982.195
 -20  96055.070
 -25  78391.416
 -30  28256.424
 -35   5115.391
 -40   1393.109
 -45    421.127
 -50    111.768
