 150    291.396
 145    414.141
 140    519.922
 135    727.492
 130    942.048
 125   1344.212
 120   1842.022
 115   2524.289
 110   3575.160
 105   4827.987
 100   6102.344
  95   7962.454
  90  10044.178
  85  12389.292
  80  14709.493
  75  16911.820
  70  18819.769
  65  20849.737
  60  21872.614
  55  23227.802
  50  23749.672
  45  24336.405
  40  25597.910
  35  25829.378
  30  26905.145
  25  28052.843
  20  29439.942
  15  31302.017
  10  34883.616
   5  41472.944
   0  54958.960
  -5  93390.122
 -10  35874.560
 -15    519.922
 -20      3.992
 -25      0.000
 -30      0.000
 -35      0.000
 -40      0.000
 -45      0.000
 -50      0.000
