 150  12129.843
 145  13630.716
 140  14875.149
 135  15836.172
 130  17506.726
 125  18361.917
 120  19488.070
 115  19810.723
 110  20322.174
 105  20699.070
 100  21059.323
  95  21288.762
  90  21504.421
  85  21994.362
  80  22325.697
  75  22549.759
  70  23091.177
  65  23720.779
  60  23860.489
  55  24355.462
  50  24709.678
  45  24935.160
  40  25748.597
  35  26821.319
  30  27728.436
  25  29359.439
  20  31346.986
  15  34246.903
  10  38953.172
   5  45970.611
   0  59828.855
  -5  94314.204
 -10  33769.927
 -15   4481.705
 -20    144.700
 -25      7.983
 -30      0.000
 -35      0.000
 -40      0.000
 -45      0.000
 -50      0.000
