 150  20234.035
 145  20355.741
 140  20633.207
 135  21290.907
 130  21401.720
 125  22182.017
 120  22768.547
 115  22931.372
 110  23748.494
 105  24514.133
 100  24889.355
  95  25664.643
  90  26592.900
  85  27276.401
  80  28172.514
  75  28976.821
  70  30938.617
  65  32758.027
  60  34406.675
  55  36514.269
  50  39194.593
  45  41941.803
  40  46003.543
  35  50485.142
  30  56404.960
  25  63445.859
  20  72600.354
  15  84387.895
  10 103321.505
   5 133868.223
   0 188090.524
  -5 359627.615
 -10  76915.554
 -15  37771.586
 -20  25562.086
 -25   4195.291
 -30    628.697
 -35    163.661
 -40     84.824
 -45     17.963
 -50     20.957
