 150  19258.059
 145  19335.859
 140  19418.706
 135  20010.558
 130  20257.088
 125  20670.151
 120  21049.393
 115  21588.814
 110  22084.281
 105  22504.304
 100  22925.430
  95  23751.597
  90  24024.222
  85  25091.934
  80  26281.440
  75  26679.293
  70  28518.257
  65  30438.839
  60  32086.485
  55  34584.272
  50  37375.371
  45  41014.771
  40  45905.791
  35  51161.737
  30  57803.059
  25  68309.635
  20  81317.267
  15  99632.164
  10 126120.300
   5 167039.560
   0 256337.843
  -5 559675.993
 -10 694422.074
 -15 103349.447
 -20  73784.267
 -25  35479.345
 -30   5009.615
 -35    920.092
 -40    219.544
 -45     59.876
 -50      9.979
