 150  19673.198
 145  19962.578
 140  20090.333
 135  20180.167
 130  20919.654
 125  21095.248
 120  21960.415
 115  21985.388
 110  22665.657
 105  23123.043
 100  23298.679
  95  23741.665
  90  23991.266
  85  24819.500
  80  25316.494
  75  25711.360
  70  26786.205
  65  27521.892
  60  27823.267
  55  29209.391
  50  30090.502
  45  30700.174
  40  32194.229
  35  34114.179
  30  35840.595
  25  39122.943
  20  43222.357
  15  48938.404
  10  58844.897
   5  77038.146
   0 118646.808
  -5 289819.335
 -10 251754.609
 -15 106394.338
 -20  31900.869
 -25   2930.921
 -30    399.172
 -35     47.901
 -40      2.994
 -45      1.996
 -50      5.988
