 150   2726.346
 145   2831.123
 140   3858.996
 135   4485.710
 130   4791.087
 125   5854.863
 120   6692.812
 115   7429.021
 110   8365.016
 105   8840.656
 100   8982.362
  95  10009.191
  90  10941.330
  85  12286.506
  80  12449.156
  75  13192.805
  70  13719.197
  65  14524.861
  60  14857.201
  55  15840.148
  50  16267.213
  45  16850.967
  40  17908.839
  35  17807.015
  30  18091.460
  25  18565.061
  20  20159.170
  15  21207.993
  10  22978.297
   5  26243.545
   0  30882.887
  -5  41749.120
 -10   8117.173
 -15    161.664
 -20     25.946
 -25      1.996
 -30      0.000
 -35      0.000
 -40      0.000
 -45      0.998
 -50      0.000
