 150  16020.773
 145  17161.390
 140  18210.232
 135  18718.197
 130  19998.563
 125  20037.442
 120  20933.517
 115  20613.861
 110  21536.869
 105  21856.669
 100  22054.259
  95  22611.014
  90  22629.090
  85  23000.274
  80  23365.540
  75  23765.452
  70  24096.097
  65  24955.218
  60  25167.777
  55  26042.961
  50  26214.552
  45  27257.332
  40  27959.013
  35  28796.219
  30  29712.317
  25  31593.037
  20  33707.091
  15  37042.101
  10  41428.037
   5  49776.713
   0  65999.052
  -5 110683.222
 -10  41631.614
 -15  10701.804
 -20    429.110
 -25     17.963
 -30      0.998
 -35      0.000
 -40      0.000
 -45      0.000
 -50      0.000
