 150  15635.556
 145  15955.876
 140  16219.345
 135  16646.492
 130  16986.837
 125  17342.050
 120  17825.855
 115  17972.697
 110  18313.331
 105  18982.611
 100  18902.777
  95  19944.555
  90  19845.879
  85  20870.714
  80  21470.427
  75  22155.161
  70  23286.897
  65  24461.243
  60  25468.204
  55  26599.832
  50  28897.979
  45  30470.682
  40  32883.766
  35  35954.359
  30  39918.170
  25  45824.784
  20  52301.474
  15  61444.441
  10  75991.318
   5  98668.263
   0 141748.730
  -5 249427.689
 -10  75407.454
 -15  29881.027
 -20   7441.588
 -25    613.727
 -30     97.797
 -35     18.961
 -40      0.000
 -45      0.000
 -50      0.000
