 150    240.741
 145    263.717
 140    287.691
 135    315.660
 130    367.604
 125    449.517
 120    496.969
 115    600.753
 110    727.217
 105    893.043
 100   1231.675
  95   1745.124
  90   2589.227
  85   4273.410
  80   7024.431
  75  11525.097
  70  18476.698
  65  28132.625
  60  38623.480
  55  50438.526
  50  59328.281
  45  65591.489
  40  71400.245
  35  74909.563
  30  76879.552
  25  82239.435
  20  86805.878
  15  92895.138
  10  98719.876
   5 109761.007
   0 128126.264
  -5 178361.435
 -10  33359.812
 -15     12.973
 -20      0.000
 -25      0.000
 -30      0.000
 -35      0.000
 -40      0.000
 -45      0.000
 -50      0.000
