 150   7926.495
 145  10341.893
 140  13516.483
 135  17205.487
 130  21457.911
 125  26482.531
 120  31709.203
 115  37077.028
 110  41860.916
 105  47028.585
 100  49880.329
  95  53219.789
  90  54641.479
  85  57751.974
  80  59227.163
  75  61432.528
  70  63521.320
  65  64468.228
  60  67083.885
  55  71011.308
  50  73761.706
  45  76843.393
  40  81185.725
  35  86253.025
  30  88652.047
  25  96023.847
  20 102719.856
  15 114290.138
  10 125909.647
   5 148270.609
   0 182049.297
  -5 254343.001
 -10 111512.611
 -15   3170.421
 -20     47.901
 -25      1.996
 -30      1.996
 -35      0.000
 -40      0.000
 -45      0.000
 -50      0.000
