 150     14.984
 145     21.976
 140     20.977
 135     31.966
 130     48.947
 125     71.923
 120     67.859
 115     85.822
 110    106.885
 105    135.854
 100    140.848
  95    241.740
  90    265.715
  85    309.667
  80    396.178
  75    514.932
  70    659.632
  65    961.006
  60   1480.409
  55   2751.032
  50   5965.593
  45  11718.403
  40  23147.140
  35  40676.596
  30  57584.570
  25  74485.443
  20  81908.041
  15  87819.594
  10  91075.094
   5  99438.005
   0 113396.099
  -5 155072.689
 -10   3762.193
 -15      0.000
 -20      0.000
 -25      0.000
 -30      0.000
 -35      0.000
 -40      0.000
 -45      0.000
 -50      0.000
