 150     78.915
 145     76.917
 140    125.865
 135    118.872
 130    152.836
 125    181.805
 120    182.621
 115    259.462
 110    279.699
 105    350.623
 100    434.532
  95    537.422
  90    749.198
  85   1054.867
  80   1687.498
  75   2893.995
  70   4986.663
  65   8761.819
  60  14298.629
  55  23035.145
  50  33303.232
  45  43468.272
  40  52734.311
  35  59171.220
  30  61292.817
  25  64626.835
  20  66165.706
  15  69324.545
  10  71836.775
   5  76716.530
   0  85980.571
  -5 107738.658
 -10  14489.933
 -15      2.994
 -20      0.000
 -25      0.000
 -30      0.000
 -35      0.000
 -40      0.000
 -45      0.000
 -50      0.000
