 150   1808.058
 145   2277.554
 140   2971.808
 135   4149.535
 130   5586.988
 125   8021.377
 120  10620.962
 115  14928.009
 110  19932.533
 105  27562.453
 100  34579.792
  95  44409.260
  90  52048.256
  85  60817.682
  80  67197.632
  75  71818.049
  70  74307.960
  65  75766.784
  60  76640.611
  55  80283.294
  50  81579.384
  45  82642.160
  40  85728.841
  35  87999.401
  30  89619.130
  25  95479.975
  20 100108.275
  15 110327.398
  10 121642.235
   5 145537.547
   0 195946.358
  -5 337939.789
 -10  94039.961
 -15    670.608
 -20      5.988
 -25      0.998
 -30      0.000
 -35      0.000
 -40      0.000
 -45      0.000
 -50      0.000
