 150   6200.347
 145   8285.102
 140  11085.095
 135  14575.317
 130  18686.893
 125  24609.545
 120  31416.810
 115  39015.005
 110  45332.177
 105  53939.177
 100  59676.788
  95  65667.408
  90  67979.194
  85  72374.270
  80  75246.938
  75  76105.082
  70  78702.849
  65  80221.540
  60  81889.968
  55  85493.667
  50  87624.803
  45  89831.431
  40  94231.701
  35  97131.452
  30  98728.139
  25 105990.176
  20 111125.415
  15 121415.478
  10 133063.956
   5 155169.193
   0 199330.719
  -5 333154.703
 -10  40219.544
 -15    330.315
 -20      4.990
 -25      0.000
 -30      0.000
 -35      0.000
 -40      0.000
 -45      0.000
 -50      0.998
