 150   1713.160
 145   2235.599
 140   3152.611
 135   4148.540
 130   5568.009
 125   7855.563
 120  10929.322
 115  14988.883
 110  19902.565
 105  26672.407
 100  33206.303
  95  41579.302
  90  47099.556
  85  54566.396
  80  60100.352
  75  64251.742
  70  67400.212
  65  70053.709
  60  71958.644
  55  76311.660
  50  78991.163
  45  82105.736
  40  85957.681
  35  91482.174
  30  93367.356
  25 100270.040
  20 105243.725
  15 115431.911
  10 126299.228
   5 146754.093
   0 179846.665
  -5 252436.951
 -10  50999.228
 -15    207.569
 -20      0.000
 -25      0.000
 -30      0.000
 -35      0.000
 -40      0.000
 -45      0.000
 -50      0.000
