 150   1288.616
 145   1640.238
 140   2154.686
 135   2888.892
 130   3870.835
 125   5553.030
 120   8054.287
 115  11481.165
 110  15892.883
 105  22698.667
 100  30088.625
  95  39363.684
  90  47748.861
  85  57307.452
  80  64862.475
  75  69887.054
  70  74112.365
  65  75698.925
  60  76527.733
  55  79026.651
  50  79940.144
  45  81250.656
  40  83263.492
  35  85335.928
  30  84927.860
  25  90169.987
  20  92978.071
  15 100394.076
  10 108221.662
   5 127227.231
   0 158910.172
  -5 245061.233
 -10  77065.167
 -15    289.399
 -20      2.994
 -25      0.000
 -30      0.000
 -35      0.000
 -40      0.000
 -45      0.000
 -50      0.000
