 150     24.973
 145     29.968
 140     34.962
 135     46.949
 130     53.942
 125     84.909
 120     87.818
 115     93.805
 110    145.843
 105    171.816
 100    187.798
  95    262.718
  90    306.672
  85    402.568
  80    469.027
  75    603.748
  70    864.208
  65   1388.120
  60   2406.413
  55   4517.126
  50   8986.349
  45  18008.641
  40  32334.273
  35  51145.872
  30  66915.218
  25  79654.716
  20  84855.924
  15  90958.220
  10  95100.767
   5 106304.616
   0 130527.683
  -5 261718.719
 -10     43.909
 -15      0.000
 -20      0.000
 -25      0.000
 -30      0.000
 -35      0.000
 -40      0.000
 -45      0.000
 -50      0.000
