 150      5.994
 145      4.995
 140      6.992
 135     10.988
 130      4.995
 125     14.984
 120     21.954
 115     31.934
 110     33.963
 105     48.947
 100     63.931
  95     92.900
  90    112.879
  85    138.851
  80    158.671
  75    197.590
  70    300.377
  65    386.199
  60    524.436
  55    828.106
  50   1420.474
  45   2826.961
  40   6692.805
  35  14802.285
  30  28912.008
  25  49027.219
  20  65354.390
  15  75619.784
  10  79087.980
   5  83229.528
   0  91120.046
  -5 110351.242
 -10   2711.374
 -15      0.000
 -20      0.000
 -25      0.000
 -30      0.000
 -35      0.000
 -40      0.000
 -45      0.000
 -50      0.000
