 150      0.000
 145      0.000
 140      0.000
 135      0.000
 130      0.000
 125      0.000
 120      0.000
 115      0.000
 110      0.000
 105      0.999
 100      0.000
  95      0.000
  90      0.000
  85      0.000
  80      0.000
  75      0.000
  70      0.998
  65      0.000
  60      0.999
  55      0.000
  50      0.999
  45      0.000
  40      1.998
  35      2.994
  30     13.971
  25     41.913
  20     99.793
  15    220.763
  10    879.055
   5   7448.985
   0  42533.277
  -5  82748.545
 -10      0.000
 -15      0.000
 -20      0.000
 -25      0.000
 -30      0.000
 -35      0.000
 -40      0.000
 -45      0.000
 -50      0.000
