 150      0.999
 145      0.000
 140      0.999
 135      0.000
 130      0.000
 125      0.000
 120      0.998
 115      0.000
 110      0.999
 105      2.997
 100      0.999
  95      0.000
  90      0.999
  85      1.998
  80      7.983
  75     14.969
  70     17.963
  65     40.915
  60     63.931
  55    104.887
  50    155.833
  45    222.761
  40    300.677
  35    493.975
  30    978.969
  25   2873.036
  20   9446.399
  15  28512.378
  10  57340.359
   5  80571.386
   0  92807.232
  -5 108649.769
 -10    252.476
 -15      0.000
 -20      0.000
 -25      0.000
 -30      0.000
 -35      0.000
 -40      0.000
 -45      0.000
 -50      0.000
