 150   1260.646
 145   1557.327
 140   2083.760
 135   2728.067
 130   3713.005
 125   5048.578
 120   7198.064
 115   9825.602
 110  13555.401
 105  19285.326
 100  25692.381
  95  34468.946
  90  42005.013
  85  51993.159
  80  60914.663
  75  67865.247
  70  73040.514
  65  76425.494
  60  78584.522
  55  81798.739
  50  84242.524
  45  87075.394
  40  89621.746
  35  92656.737
  30  94176.678
  25 100581.394
  20 103805.707
  15 112312.264
  10 120556.402
   5 137965.549
   0 167537.897
  -5 254009.692
 -10 100649.253
 -15    395.180
 -20      0.000
 -25      0.000
 -30      0.000
 -35      0.000
 -40      0.000
 -45      0.000
 -50      0.000
