 150  34373.083
 145  40395.615
 140  47322.176
 135  53446.492
 130  58052.535
 125  63601.628
 120  67605.718
 115  71641.273
 110  72553.859
 105  75781.762
 100  75438.828
  95  77151.063
  90  75115.551
  85  77658.595
  80  78270.667
  75  78766.638
  70  79485.227
  65  79841.329
  60  80119.871
  55  82884.485
  50  83397.431
  45  85191.419
  40  87370.077
  35  90618.966
  30  91687.839
  25  98071.600
  20 104863.408
  15 115714.607
  10 130370.851
   5 160065.929
   0 230013.735
  -5 406099.562
 -10  92924.275
 -15   3098.570
 -20     77.838
 -25      2.994
 -30      0.000
 -35      0.000
 -40      0.000
 -45      0.000
 -50      0.000
