 150   7173.296
 145   8160.228
 140   8838.507
 135  10699.498
 130  10965.201
 125  12436.631
 120  13744.480
 115  15457.894
 110  17518.133
 105  19422.218
 100  21122.272
  95  23869.340
  90  25358.841
  85  28247.690
  80  29913.958
  75  33392.710
  70  35248.929
  65  36331.612
  60  38586.519
  55  41033.684
  50  42395.425
  45  44292.386
  40  46216.317
  35  47790.882
  30  48376.619
  25  51226.756
  20  54346.232
  15  58101.599
  10  60285.254
   5  66721.275
   0  75353.994
  -5  91889.605
 -10   3287.179
 -15    117.756
 -20      5.988
 -25      0.000
 -30      1.996
 -35      0.999
 -40      0.000
 -45      0.000
 -50      0.998
