 150      1.998
 145      0.999
 140      1.998
 135      5.994
 130      9.989
 125     15.983
 120     24.948
 115     26.944
 110     45.951
 105     55.940
 100     82.911
  95     96.896
  90    123.867
  85    190.795
  80    182.621
  75    277.425
  70    343.288
  65    432.103
  60    625.328
  55    860.072
  50   1420.474
  45   2723.073
  40   6229.310
  35  14411.097
  30  28947.962
  25  50820.547
  20  68550.826
  15  79684.339
  10  82599.206
   5  88241.053
   0  97701.970
  -5 133505.377
 -10     54.886
 -15      0.000
 -20      0.000
 -25      0.000
 -30      0.000
 -35      0.000
 -40      0.000
 -45      0.000
 -50      0.000
