 150      0.000
 145      0.000
 140      0.000
 135      0.000
 130      0.999
 125      0.999
 120      0.000
 115      0.998
 110      3.996
 105      3.996
 100      2.997
  95      4.995
  90      0.999
  85      4.995
  80      4.990
  75     14.969
  70     26.944
  65     57.880
  60     75.918
  55    144.844
  50    223.760
  45    442.524
  40    727.219
  35   1133.648
  30   2140.560
  25   4167.357
  20  10598.020
  15  36689.559
  10 120963.964
   5 268030.599
   0 374509.402
  -5 421819.989
 -10   2735.327
 -15      0.000
 -20      0.000
 -25      0.000
 -30      0.000
 -35      0.000
 -40      0.000
 -45      0.000
 -50      0.000
