 150      0.999
 145      5.994
 140      6.992
 135      7.991
 130      7.991
 125     10.988
 120     15.967
 115     22.952
 110     28.969
 105     35.961
 100     48.947
  95     74.919
  90    103.889
  85    107.884
  80    166.654
  75    211.561
  70    243.495
  65    356.261
  60    435.532
  55    629.321
  50   1037.885
  45   2041.805
  40   4586.070
  35  10777.636
  30  22339.645
  25  42095.610
  20  61757.852
  15  77205.082
  10  83534.201
   5  92738.306
   0 103210.049
  -5 128288.059
 -10   5958.636
 -15      0.000
 -20      0.000
 -25      0.000
 -30      0.000
 -35      0.000
 -40      0.000
 -45      0.000
 -50      0.000
