 150      0.000
 145      0.000
 140      0.000
 135      0.000
 130      0.000
 125      0.999
 120      1.996
 115      5.988
 110      6.992
 105     10.988
 100     11.987
  95     19.979
  90     37.959
  85     57.938
  80     72.849
  75     71.851
  70    137.714
  65    191.602
  60    249.732
  55    351.621
  50    480.484
  45    748.196
  40   1504.384
  35   3265.225
  30   8679.998
  25  22743.807
  20  46097.394
  15  70715.980
  10  82365.457
   5  88361.923
   0  93388.607
  -5 118421.630
 -10     47.901
 -15      0.000
 -20      0.000
 -25      0.000
 -30      0.000
 -35      0.000
 -40      0.000
 -45      0.000
 -50      0.000
