 150    507.455
 145    630.322
 140    686.263
 135    859.076
 130    948.979
 125   1184.726
 120   1574.732
 115   2252.322
 110   3189.565
 105   4851.809
 100   7432.003
  95  11654.471
  90  16805.002
  85  25222.936
  80  35090.223
  75  44828.980
  70  54636.738
  65  61625.128
  60  65464.626
  55  69797.619
  50  71799.815
  45  72539.021
  40  74837.550
  35  75940.499
  30  76571.115
  25  79824.444
  20  81731.407
  15  87222.323
  10  92981.138
   5 107996.903
   0 138222.411
  -5 239194.389
 -10   1865.130
 -15      0.000
 -20      0.000
 -25      0.000
 -30      0.000
 -35      0.000
 -40      0.000
 -45      0.000
 -50      0.000
