 150  10139.121
 145  13048.972
 140  16346.428
 135  19706.776
 130  22943.313
 125  27359.588
 120  31104.458
 115  34531.279
 110  36880.280
 105  40432.737
 100  42129.711
  95  44708.849
  90  45605.157
  85  48192.290
  80  49950.403
  75  52672.704
  70  55442.013
  65  57164.384
  60  59244.312
  55  63129.820
  50  65885.173
  45  69355.443
  40  73881.577
  35  77713.744
  30  81809.246
  25  89339.620
  20  96102.587
  15 106933.047
  10 120036.081
   5 141914.300
   0 173077.941
  -5 229571.328
 -10  80563.830
 -15   2281.266
 -20     71.851
 -25      3.992
 -30      0.000
 -35      0.000
 -40      0.000
 -45      0.000
 -50      0.000
