 150    808.132
 145    974.953
 140   1357.542
 135   1762.104
 130   2251.577
 125   3148.615
 120   4632.388
 115   6635.225
 110   9537.728
 105  14096.888
 100  19790.705
  95  26895.088
  90  34229.340
  85  43250.549
  80  51243.721
  75  57058.660
  70  62902.603
  65  65619.839
  60  68396.474
  55  72292.924
  50  74812.651
  45  77487.701
  40  81144.769
  35  85441.708
  30  87601.315
  25  94994.980
  20  99989.522
  15 107331.619
  10 115500.837
   5 131893.215
   0 163765.952
  -5 262984.097
 -10  30453.839
 -15     81.830
 -20      0.000
 -25      0.000
 -30      0.000
 -35      0.000
 -40      0.000
 -45      0.000
 -50      0.000
