 150   5543.047
 145   7600.829
 140  10121.130
 135  13214.794
 130  16798.924
 125  22336.988
 120  27495.946
 115  34061.255
 110  39454.507
 105  45789.006
 100  49837.375
  95  53559.424
  90  55634.416
  85  58948.748
  80  60935.620
  75  62429.459
  70  63789.764
  65  65355.388
  60  66632.370
  55  70656.691
  50  72745.798
  45  75282.072
  40  79522.513
  35  83383.064
  30  85502.582
  25  92872.383
  20  98332.959
  15 109750.128
  10 122394.548
   5 145081.038
   0 188963.864
  -5 314400.562
 -10  47724.971
 -15    333.308
 -20      2.994
 -25      0.000
 -30      0.000
 -35      0.000
 -40      0.000
 -45      0.000
 -50      0.000
