 150      0.000
 145      0.000
 140      0.000
 135      0.000
 130      0.000
 125      0.000
 120      0.000
 115      0.000
 110      0.000
 105      0.000
 100      0.000
  95      0.000
  90      0.000
  85      0.000
  80      0.000
  75      0.000
  70      0.000
  65      0.000
  60      0.000
  55      0.000
  50      0.000
  45      0.999
  40      1.998
  35      3.992
  30     15.967
  25     32.932
  20     72.849
  15    187.798
  10    674.275
   5   5144.465
   0  34948.430
  -5  77864.664
 -10      0.000
 -15      0.000
 -20      0.000
 -25      0.000
 -30      0.000
 -35      0.000
 -40      0.000
 -45      0.000
 -50      0.000
