 150    595.361
 145    742.203
 140    904.029
 135   1148.764
 130   1585.294
 125   2033.814
 120   2914.951
 115   4083.523
 110   5923.620
 105   8822.542
 100  12172.902
  95  16963.764
  90  21993.445
  85  29041.809
  80  35592.182
  75  41655.565
  70  46798.986
  65  51015.144
  60  54482.431
  55  58314.021
  50  62042.305
  45  65611.468
  40  69988.762
  35  75789.736
  30  78531.048
  25  86089.450
  20  92036.025
  15 101874.485
  10 112513.048
   5 131964.139
   0 162024.823
  -5 235119.832
 -10  73018.487
 -15    202.580
 -20      0.000
 -25      0.000
 -30      0.000
 -35      0.000
 -40      0.000
 -45      0.000
 -50      0.000
