 150    472.493
 145    585.371
 140    620.333
 135    798.142
 130    849.086
 125   1056.865
 120   1220.468
 115   1554.772
 110   2006.839
 105   2742.061
 100   4120.570
  95   6092.451
  90   9468.859
  85  14653.262
  80  21967.440
  75  31813.020
  70  43414.957
  65  55693.492
  60  66234.798
  55  76074.915
  50  81095.903
  45  84620.033
  40  87120.433
  35  90375.471
  30  90648.994
  25  95801.308
  20  99137.389
  15 106566.441
  10 112400.170
   5 128651.571
   0 157370.826
  -5 232604.044
 -10  10629.953
 -15     13.971
 -20      0.998
 -25      0.000
 -30      0.000
 -35      0.000
 -40      0.000
 -45      0.000
 -50      0.000
