 150    285.693
 145    284.694
 140    382.589
 135    383.588
 130    444.522
 125    494.469
 120    522.915
 115    741.461
 110    794.145
 105    985.943
 100   1425.468
  95   1950.903
  90   3017.768
  85   4923.712
  80   7714.999
  75  12038.033
  70  18358.924
  65  25855.376
  60  33202.308
  55  40847.925
  50  46428.136
  45  50188.048
  40  53241.818
  35  56440.885
  30  57865.986
  25  62671.020
  20  67057.922
  15  73135.379
  10  80160.827
   5  93205.711
   0 116703.544
  -5 167604.723
 -10   5093.436
 -15      1.996
 -20      0.000
 -25      0.000
 -30      0.000
 -35      0.000
 -40      0.000
 -45      0.000
 -50      0.000
