 150   2526.287
 145   3158.605
 140   4347.331
 135   5772.794
 130   8033.356
 125  11047.124
 120  14789.312
 115  20231.978
 110  26511.447
 105  34597.980
 100  42037.767
  95  50445.771
  90  56280.723
  85  64793.477
  80  69240.395
  75  73110.296
  70  77309.737
  65  79443.155
  60  82194.641
  55  86445.639
  50  90073.171
  45  93295.707
  40  98408.211
  35 103068.236
  30 105819.425
  25 113286.045
  20 118988.100
  15 128831.635
  10 137645.169
   5 156453.812
   0 190334.391
  -5 286256.876
 -10  14147.644
 -15     77.838
 -20      3.992
 -25      0.000
 -30      0.000
 -35      0.000
 -40      0.000
 -45      0.000
 -50      0.000
