 150    984.942
 145   1313.589
 140   1651.227
 135   2163.672
 130   2867.914
 125   3978.723
 120   5906.744
 115   8390.581
 110  11819.271
 105  16839.948
 100  22554.731
  95  30140.599
  90  36492.916
  85  44871.808
  80  51017.190
  75  56241.355
  70  60698.173
  65  63551.131
  60  65711.360
  55  69803.612
  50  73360.211
  45  76282.996
  40  80479.485
  35  84572.512
  30  87548.425
  25  94401.212
  20 100655.141
  15 111100.567
  10 121570.312
   5 143429.813
   0 180873.561
  -5 292659.609
 -10  38099.981
 -15     80.832
 -20      0.000
 -25      0.000
 -30      0.000
 -35      0.000
 -40      0.000
 -45      0.999
 -50      0.000
