 150   4991.639
 145   6680.825
 140   9239.077
 135  12192.880
 130  15972.813
 125  20931.499
 120  26539.930
 115  33487.480
 110  40505.376
 105  48367.150
 100  53634.290
  95  60106.386
  90  62289.288
  85  66648.420
  80  68521.886
  75  69544.764
  70  70535.779
  65  70603.498
  60  71581.050
  55  73860.231
  50  74757.710
  45  76225.058
  40  78684.414
  35  80962.004
  30  81610.739
  25  86545.505
  20  90760.672
  15  98837.749
  10 108699.148
   5 128909.422
   0 161620.258
  -5 243783.880
 -10  84927.860
 -15   1014.894
 -20      4.990
 -25      0.000
 -30      0.000
 -35      0.000
 -40      0.000
 -45      0.999
 -50      0.000
