 150    140.849
 145    135.854
 140    167.820
 135    190.795
 130    220.762
 125    244.737
 120    323.329
 115    369.233
 110    416.551
 105    453.514
 100    569.387
  95    693.255
  90    831.110
  85   1094.824
  80   1511.864
  75   2233.366
  70   3478.788
  65   6161.215
  60  10388.832
  55  17117.513
  50  27515.421
  45  39442.599
  40  52205.879
  35  62526.258
  30  67168.625
  25  72828.953
  20  75256.842
  15  80738.206
  10  83633.094
   5  91447.694
   0 108042.854
  -5 144442.715
 -10  35567.198
 -15      1.996
 -20      0.000
 -25      0.000
 -30      0.000
 -35      0.000
 -40      0.000
 -45      0.000
 -50      0.000
