 150    453.513
 145    487.476
 140    583.373
 135    746.197
 130    883.050
 125   1164.748
 120   1581.718
 115   2334.154
 110   3266.482
 105   4955.688
 100   7195.258
  95  10691.507
  90  14981.954
  85  20842.615
  80  27438.093
  75  34123.228
  70  40274.511
  65  45147.319
  60  49414.879
  55  53424.302
  50  57139.632
  45  59538.996
  40  64060.135
  35  67424.095
  30  70164.479
  25  75999.377
  20  81532.819
  15  89275.029
  10  98010.639
   5 114048.398
   0 141969.383
  -5 205183.859
 -10  57712.305
 -15     63.867
 -20      0.000
 -25      0.000
 -30      0.000
 -35      0.000
 -40      0.000
 -45      0.000
 -50      0.000
