 150   2215.620
 145   2937.842
 140   3859.855
 135   5243.363
 130   6928.545
 125   9314.986
 120  12656.737
 115  16527.672
 110  21788.534
 105  28119.912
 100  34245.152
  95  40793.147
  90  45812.934
  85  51668.560
  80  55665.550
  75  58286.056
  70  60510.562
  65  62302.722
  60  63798.417
  55  66626.044
  50  68676.173
  45  71112.554
  40  74806.583
  35  77424.422
  30  79748.522
  25  85473.727
  20  90120.001
  15  99357.290
  10 109440.461
   5 128672.677
   0 159352.696
  -5 226978.700
 -10  69384.028
 -15    468.029
 -20      6.985
 -25      0.000
 -30      0.000
 -35      0.000
 -40      0.000
 -45      0.000
 -50      0.000
