 150   1603.278
 145   2014.834
 140   2500.315
 135   3426.317
 130   4550.104
 125   6467.048
 120   9225.856
 115  12750.517
 110  18034.577
 105  24616.660
 100  32238.312
  95  41224.683
  90  47703.909
  85  56870.977
  80  61908.602
  75  66048.948
  70  69427.078
  65  71162.338
  60  72338.236
  55  74898.110
  50  76176.111
  45  77907.250
  40  80721.225
  35  83165.515
  30  84347.978
  25  89539.296
  20  93880.199
  15 103367.983
  10 113370.240
   5 136242.539
   0 176812.926
  -5 289095.993
 -10  12763.516
 -15     71.851
 -20      0.000
 -25      0.000
 -30      0.000
 -35      0.000
 -40      0.000
 -45      0.000
 -50      0.000
