 150   1603.280
 145   2105.736
 140   2758.035
 135   3740.971
 130   5073.541
 125   6963.514
 120   9675.922
 115  13471.021
 110  18147.455
 105  24217.088
 100  29837.924
  95  37159.979
  90  42545.434
  85  49015.406
  80  53607.817
  75  56258.264
  70  58556.554
  65  60256.967
  60  61298.105
  55  63645.263
  50  65225.882
  45  66579.427
  40  68792.049
  35  71319.013
  30  72700.147
  25  76883.467
  20  81352.194
  15  89250.056
  10  97950.801
   5 114772.505
   0 143565.667
  -5 201526.437
 -10  85296.011
 -15    832.273
 -20      2.994
 -25      0.000
 -30      0.000
 -35      0.000
 -40      0.000
 -45      0.000
 -50      0.000
