 150    872.063
 145   1050.870
 140   1321.581
 135   1630.247
 130   1955.895
 125   2543.266
 120   3554.624
 115   5081.446
 110   7147.302
 105  10377.896
 100  14935.929
  95  21172.240
  90  27790.237
  85  37203.081
  80  46017.560
  75  54596.712
  70  61009.527
  65  65919.218
  60  68641.211
  55  72149.079
  50  74330.095
  45  76063.232
  40  79699.323
  35  81712.528
  30  82861.063
  25  88101.278
  20  91444.253
  15  98924.755
  10 107958.053
   5 125947.606
   0 157481.707
  -5 233413.368
 -10  32310.955
 -15    103.785
 -20      0.000
 -25      0.998
 -30      0.000
 -35      0.000
 -40      0.000
 -45      0.000
 -50      0.000
