 150      3.996
 145      4.995
 140      9.989
 135     11.987
 130     15.983
 125     24.973
 120     29.938
 115     42.911
 110     50.945
 105     62.932
 100     73.920
  95     75.918
  90    108.883
  85    150.838
  80    191.602
  75    255.470
  70    333.309
  65    453.060
  60    697.250
  55   1288.610
  50   2431.389
  45   5083.535
  40  11268.886
  35  21950.453
  30  36232.817
  25  51205.697
  20  59598.333
  15  64827.375
  10  66682.317
   5  70320.406
   0  76109.183
  -5  89285.910
 -10   6771.948
 -15      0.998
 -20      0.000
 -25      0.000
 -30      0.000
 -35      0.000
 -40      0.000
 -45      0.000
 -50      0.000
