 150      0.000
 145      0.999
 140      0.000
 135      0.000
 130      0.999
 125      0.000
 120      0.000
 115      0.998
 110      0.000
 105      0.000
 100      0.000
  95      0.999
  90      4.995
  85      3.996
  80      2.994
  75      8.981
  70     15.967
  65     21.954
  60     46.950
  55     72.921
  50     70.924
  45    130.859
  40    192.793
  35    335.304
  30    680.588
  25   1827.209
  20   6044.464
  15  18444.173
  10  39842.170
   5  60200.225
   0  70487.226
  -5  85902.011
 -10     11.975
 -15      0.000
 -20      0.000
 -25      0.000
 -30      0.000
 -35      0.000
 -40      0.000
 -45      0.000
 -50      0.000
