 150    801.140
 145    957.971
 140   1283.621
 135   1530.353
 130   2119.719
 125   2786.005
 120   4126.438
 115   5992.559
 110   8616.720
 105  12602.490
 100  17825.819
  95  24751.392
  90  32087.634
  85  41286.658
  80  49816.680
  75  55945.968
  70  61307.909
  65  64204.775
  60  65383.713
  55  67684.900
  50  68887.015
  45  69542.242
  40  71920.685
  35  73475.538
  30  73838.858
  25  77559.142
  20  80900.132
  15  87599.830
  10  95291.562
   5 112955.573
   0 146039.008
  -5 241794.003
 -10  33895.700
 -15     89.814
 -20      0.998
 -25      0.000
 -30      0.000
 -35      0.000
 -40      0.000
 -45      0.000
 -50      0.000
