 150    838.101
 145   1025.898
 140   1255.651
 135   1663.210
 130   2194.639
 125   3206.553
 120   4665.319
 115   6517.470
 110   9537.728
 105  13825.179
 100  19287.247
  95  26510.501
  90  33716.889
  85  42717.122
  80  49794.726
  75  55442.956
  70  59562.527
  65  61360.677
  60  62457.858
  55  64840.972
  50  65926.129
  45  66750.243
  40  68737.108
  35  71509.618
  30  71480.678
  25  74975.501
  20  78615.872
  15  85814.749
  10  93829.134
   5 111217.441
   0 143118.148
  -5 227766.069
 -10   6941.596
 -15     21.954
 -20      0.000
 -25      0.000
 -30      0.000
 -35      0.000
 -40      0.000
 -45      0.000
 -50      0.000
