 150   1766.103
 145   2287.543
 140   3014.759
 135   4099.593
 130   5677.891
 125   7935.477
 120  11124.916
 115  15471.880
 110  19923.542
 105  26152.964
 100  32566.990
  95  38905.177
  90  43629.273
  85  49193.167
  80  52912.260
  75  54904.129
  70  56676.453
  65  58225.241
  60  60234.248
  55  62431.636
  50  64578.643
  45  65904.153
  40  69530.324
  35  72842.851
  30  74320.859
  25  79893.301
  20  84430.890
  15  94104.837
  10 103279.974
   5 123663.938
   0 157201.009
  -5 248252.621
 -10  68518.892
 -15    317.342
 -20      1.996
 -25      0.998
 -30      0.000
 -35      0.000
 -40      0.000
 -45      0.000
 -50      0.000
