 150      0.000
 145      0.000
 140      0.000
 135      0.000
 130      0.000
 125      0.000
 120      0.000
 115      0.000
 110      0.000
 105      0.000
 100      0.000
  95      0.000
  90      0.000
  85      0.000
  80      0.000
  75      0.000
  70      0.000
  65      0.000
  60      0.000
  55      0.999
  50      0.999
  45      1.998
  40      2.997
  35      7.983
  30     16.965
  25     38.919
  20    103.785
  15    239.742
  10    789.152
   5   5389.207
   0  31869.740
  -5  67612.906
 -10      0.000
 -15      0.000
 -20      0.000
 -25      0.000
 -30      0.000
 -35      0.000
 -40      0.000
 -45      0.000
 -50      0.000
