 150      9.989
 145     13.985
 140     19.979
 135     29.968
 130     48.947
 125     49.946
 120     80.832
 115     85.822
 110     93.899
 105    133.856
 100    161.826
  95    188.797
  90    224.759
  85    289.689
  80    360.252
  75    512.936
  70    658.634
  65    852.232
  60   1513.373
  55   2959.806
  50   5985.571
  45  12450.616
  40  24096.121
  35  41503.879
  30  58717.220
  25  73300.901
  20  80034.928
  15  83955.748
  10  86454.062
   5  93683.197
   0 106665.335
  -5 153998.914
 -10    110.770
 -15      0.000
 -20      0.000
 -25      0.000
 -30      0.000
 -35      0.000
 -40      0.000
 -45      0.000
 -50      0.000
