 150    138.851
 145    196.789
 140    190.795
 135    244.737
 130    239.742
 125    315.660
 120    373.226
 115    438.091
 110    515.445
 105    612.343
 100    765.177
  95   1035.886
  90   1454.442
  85   2153.687
  80   3537.659
  75   5830.907
  70   9731.816
  65  16593.568
  60  25533.551
  55  38185.798
  50  51624.555
  45  63897.310
  40  74228.279
  35  81308.285
  30  84061.656
  25  90116.009
  20  93681.611
  15  99358.190
  10 104425.742
   5 116535.608
   0 137293.410
  -5 208116.782
 -10  10279.670
 -15      4.990
 -20      0.000
 -25      0.000
 -30      0.000
 -35      0.000
 -40      0.000
 -45      0.000
 -50      0.000
