 150     11.987
 145      7.991
 140     17.981
 135      8.990
 130     21.976
 125     35.961
 120     49.897
 115     67.859
 110     93.899
 105     92.900
 100    136.853
  95    160.827
  90    217.767
  85    271.708
  80    341.292
  75    445.077
  70    545.868
  65    693.561
  60   1019.904
  55   1584.291
  50   2990.788
  45   6095.447
  40  13230.790
  35  27127.710
  30  46675.196
  25  69353.092
  20  82964.848
  15  91627.500
  10  94064.880
   5 101493.793
   0 112308.269
  -5 149206.843
 -10    533.892
 -15      0.000
 -20      0.000
 -25      0.000
 -30      0.000
 -35      0.000
 -40      0.000
 -45      0.000
 -50      0.000
