 150      8.990
 145     17.981
 140     41.955
 135     36.960
 130     54.941
 125     61.933
 120     71.851
 115     76.841
 110    127.862
 105    105.886
 100    181.804
  95    195.790
  90    205.780
  85    257.723
  80    397.176
  75    481.002
  70    721.504
  65   1058.803
  60   1926.929
  55   3749.954
  50   7639.795
  45  14979.897
  40  26354.669
  35  41156.600
  30  53082.853
  25  61783.737
  20  65145.822
  15  67763.222
  10  70678.021
   5  74263.167
   0  80516.445
  -5  94416.275
 -10   3061.647
 -15      0.998
 -20      0.000
 -25      0.000
 -30      0.000
 -35      0.000
 -40      0.000
 -45      0.000
 -50      0.000
