 150   2037.811
 145   2786.008
 140   3701.021
 135   5140.474
 130   7035.430
 125   9808.466
 120  13749.470
 115  18700.178
 110  24580.527
 105  31867.838
 100  39449.592
  95  47289.164
  90  52928.314
  85  59307.304
  80  63408.491
  75  66343.404
  70  68954.987
  65  70080.653
  60  70662.038
  55  73709.467
  50  75050.396
  45  76378.893
  40  78788.381
  35  81693.486
  30  82735.407
  25  88028.429
  20  92354.457
  15  99289.264
  10 109230.577
   5 127119.220
   0 157493.694
  -5 228388.778
 -10  97057.702
 -15   1224.459
 -20      6.986
 -25      0.000
 -30      0.000
 -35      0.000
 -40      0.000
 -45      0.000
 -50      0.000
