 150   2589.222
 145   3486.256
 140   4714.936
 135   6540.962
 130   8795.536
 125  11886.222
 120  15770.277
 115  20804.809
 110  26290.685
 105  32422.243
 100  37850.273
  95  43450.291
  90  47076.581
  85  51244.963
  80  54653.648
  75  56762.218
  70  59358.949
  65  61723.923
  60  64592.563
  55  68852.639
  50  72359.214
  45  75425.917
  40  80718.228
  35  86068.408
  30  90869.446
  25  98503.703
  20 106097.847
  15 118461.654
  10 131103.064
   5 155032.340
   0 194372.050
  -5 310753.120
 -10  93075.868
 -15    992.940
 -20      5.988
 -25      0.000
 -30      0.000
 -35      0.000
 -40      0.000
 -45      0.000
 -50      0.000
