 150    162.825
 145    183.803
 140    241.740
 135    258.722
 130    313.662
 125    357.616
 120    413.143
 115    514.931
 110    626.325
 105    767.178
 100   1002.922
  95   1500.387
  90   2186.658
  85   3621.111
  80   5670.240
  75   9296.719
  70  14624.668
  65  22244.864
  60  31344.305
  55  41391.339
  50  49948.355
  45  55972.829
  40  61071.409
  35  65997.056
  30  67388.237
  25  72556.518
  20  76473.394
  15  83270.484
  10  88563.794
   5 100700.646
   0 117661.514
  -5 162738.805
 -10  63539.220
 -15     20.957
 -20      0.000
 -25      0.000
 -30      0.000
 -35      0.000
 -40      0.000
 -45      0.000
 -50      0.000
