 150    511.451
 145    617.337
 140    649.303
 135    768.173
 130    893.039
 125   1108.808
 120   1433.026
 115   1958.933
 110   2583.218
 105   4028.681
 100   5964.582
  95   9148.166
  90  13900.113
  85  20880.574
  80  29366.095
  75  38945.189
  70  49617.144
  65  58630.342
  60  65419.674
  55  71917.329
  50  76094.199
  45  80235.747
  40  84804.835
  35  90019.210
  30  93342.315
  25 100984.558
  20 106632.737
  15 115802.512
  10 122584.222
   5 137548.136
   0 161670.205
  -5 218854.533
 -10  74849.687
 -15    149.689
 -20      0.000
 -25      0.000
 -30      0.000
 -35      0.000
 -40      0.000
 -45      0.000
 -50      0.000
