 150    228.755
 145    234.748
 140    287.691
 135    324.650
 130    344.629
 125    419.549
 120    551.855
 115    604.744
 110    749.193
 105   1037.889
 100   1438.454
  95   2141.693
  90   3305.460
  85   5511.087
  80   8864.615
  75  13592.795
  70  20626.221
  65  28675.498
  60  37242.964
  55  45076.318
  50  51179.982
  45  55025.847
  40  59635.891
  35  63570.092
  30  66567.872
  25  72284.011
  20  77545.094
  15  83970.731
  10  91764.445
   5 105580.395
   0 129839.423
  -5 187254.010
 -10   1693.486
 -15      2.994
 -20      0.000
 -25      0.000
 -30      0.000
 -35      0.000
 -40      0.000
 -45      0.000
 -50      0.000
