 150  33865.628
 145  40836.142
 140  48473.939
 135  55456.329
 130  60290.128
 125  66420.598
 120  71642.342
 115  76218.770
 110  77779.232
 105  81450.685
 100  82428.307
  95  84589.067
  90  83185.908
  85  86360.249
  80  87142.267
  75  88094.292
  70  89927.580
  65  89938.378
  60  90331.893
  55  93975.506
  50  95717.200
  45  97456.235
  40 100937.492
  35 104961.205
  30 106345.440
  25 112839.970
  20 119196.667
  15 129493.794
  10 142144.195
   5 164955.673
   0 211628.499
  -5 326157.202
 -10 116834.685
 -15   6425.667
 -20    162.662
 -25      5.988
 -30      0.000
 -35      0.000
 -40      0.000
 -45      0.000
 -50      0.000
