 150   2118.724
 145   2876.907
 140   3883.829
 135   5295.308
 130   7222.229
 125  10038.209
 120  13528.927
 115  17549.550
 110  22799.445
 105  28673.320
 100  34400.985
  95  39857.154
  90  43825.063
  85  48443.021
  80  50710.826
  75  52847.342
  70  55102.772
  65  56456.852
  60  57931.723
  55  60454.709
  50  61937.417
  45  64234.947
  40  67615.314
  35  70579.618
  30  72811.915
  25  78176.861
  20  83697.328
  15  92111.073
  10 102080.366
   5 120491.472
   0 153485.004
  -5 234466.186
 -10  44094.504
 -15    179.627
 -20      3.992
 -25      0.000
 -30      0.000
 -35      0.000
 -40      0.000
 -45      0.000
 -50      0.000
