 150      3.996
 145      3.996
 140      4.995
 135      2.997
 130      4.995
 125      5.994
 120      5.988
 115     10.977
 110     20.977
 105     42.954
 100     38.958
  95     43.953
  90     59.936
  85     80.913
  80    106.778
  75    148.692
  70    192.601
  65    295.387
  60    336.638
  55    550.406
  50    747.198
  45   1382.514
  40   3119.649
  35   7478.482
  30  17617.461
  25  36753.736
  20  58255.121
  15  74917.464
  10  82045.801
   5  89177.045
   0  99092.476
  -5 128881.957
 -10     58.878
 -15      0.000
 -20      0.000
 -25      0.000
 -30      0.000
 -35      0.000
 -40      0.000
 -45      0.000
 -50      0.000
