 150      0.000
 145      0.000
 140      0.000
 135      0.000
 130      0.000
 125      0.000
 120      0.000
 115      0.000
 110      0.000
 105      0.000
 100      0.999
  95      0.000
  90      0.000
  85      0.000
  80      0.000
  75      0.000
  70      0.000
  65      0.000
  60      0.000
  55      0.000
  50      0.000
  45      0.000
  40      2.997
  35      4.990
  30     12.973
  25     31.934
  20     42.911
  15    124.866
  10    845.092
   5   5342.252
   0  15870.939
  -5  22453.476
 -10      0.000
 -15      0.000
 -20      0.000
 -25      0.000
 -30      0.000
 -35      0.000
 -40      0.000
 -45      0.000
 -50      0.000
