 150    614.340
 145    841.097
 140    962.966
 135   1219.688
 130   1496.390
 125   2129.711
 120   2841.105
 115   4101.485
 110   5999.538
 105   8900.459
 100  13075.930
  95  18860.725
  90  25895.266
  85  35375.007
  80  45871.862
  75  54591.777
  70  63591.175
  65  69325.150
  60  74209.225
  55  79059.616
  50  82770.105
  45  85976.575
  40  91229.928
  35  96195.395
  30  98636.428
  25 106015.125
  20 111678.268
  15 120377.594
  10 129040.282
   5 146454.561
   0 174487.426
  -5 250704.540
 -10  90136.058
 -15    299.379
 -20      0.998
 -25      0.998
 -30      0.000
 -35      0.000
 -40      0.000
 -45      0.000
 -50      0.000
