 150   1459.433
 145   1801.066
 140   2367.457
 135   3309.439
 130   4144.540
 125   5683.890
 120   8190.006
 115  11547.028
 110  15765.021
 105  21788.643
 100  28642.181
  95  37116.100
  90  44559.277
  85  53542.495
  80  60385.760
  75  65710.716
  70  70024.839
  65  72100.392
  60  73639.837
  55  76960.882
  50  78796.373
  45  80065.929
  40  82140.699
  35  85482.624
  30  86720.142
  25  91783.641
  20  95873.063
  15 104865.270
  10 114185.251
   5 135544.290
   0 174839.048
  -5 285860.697
 -10  54861.218
 -15    231.520
 -20      0.998
 -25      0.000
 -30      0.000
 -35      0.000
 -40      0.000
 -45      0.000
 -50      0.000
