 150      0.999
 145      2.997
 140      2.997
 135      0.999
 130      9.989
 125      8.990
 120     12.973
 115     13.971
 110     28.969
 105     46.950
 100     47.948
  95     71.923
  90     96.896
  85    119.871
  80    182.621
  75    193.598
  70    247.487
  65    303.371
  60    403.566
  55    573.381
  50    865.071
  45   1604.275
  40   3472.271
  35   8622.109
  30  19267.040
  25  38802.485
  20  59127.311
  15  74467.947
  10  79235.821
   5  85427.080
   0  95763.055
  -5 130636.322
 -10     21.954
 -15      0.000
 -20      0.000
 -25      0.000
 -30      0.000
 -35      0.000
 -40      0.000
 -45      0.000
 -50      0.000
