 150   1413.482
 145   1786.080
 140   2349.477
 135   3035.737
 130   4040.652
 125   5663.911
 120   7744.929
 115  10740.692
 110  14615.259
 105  19529.104
 100  25041.056
  95  31318.333
  90  36363.055
  85  42379.527
  80  46706.131
  75  50515.181
  70  52704.743
  65  54561.784
  60  56165.622
  55  59492.748
  50  62110.232
  45  64190.995
  40  67599.331
  35  71682.331
  30  73723.025
  25  79920.245
  20  84984.657
  15  93514.565
  10 103511.828
   5 121420.473
   0 150947.731
  -5 208757.455
 -10  69488.811
 -15    481.002
 -20      3.992
 -25      0.000
 -30      0.000
 -35      0.000
 -40      0.000
 -45      0.000
 -50      0.000
