 150     18.980
 145     24.973
 140     33.963
 135     49.946
 130     49.946
 125     71.923
 120    115.760
 115     95.801
 110    138.851
 105    179.807
 100    222.760
  95    301.676
  90    357.617
  85    374.598
  80    507.946
  75    750.443
  70   1112.693
  65   1992.865
  60   3696.027
  55   7361.057
  50  14633.284
  45  26340.684
  40  42416.402
  35  59855.799
  30  71097.473
  25  78809.392
  20  81792.281
  15  85682.976
  10  88011.388
   5  94467.447
   0 105341.758
  -5 132182.985
 -10     61.872
 -15      0.000
 -20      0.000
 -25      0.000
 -30      0.000
 -35      0.000
 -40      0.000
 -45      0.000
 -50      0.000
