 150    382.589
 145    442.525
 140    510.451
 135    580.376
 130    614.339
 125    809.131
 120   1025.871
 115   1242.421
 110   1686.184
 105   2440.384
 100   3597.133
  95   5339.260
  90   7767.681
  85  12377.706
  80  18872.858
  75  27621.713
  70  38378.403
  65  50419.430
  60  61412.981
  55  71667.671
  50  77762.483
  45  81090.827
  40  84279.484
  35  87439.563
  30  87688.135
  25  92830.470
  20  96985.851
  15 104295.882
  10 111753.865
   5 127892.388
   0 158662.438
  -5 257944.539
 -10   8175.045
 -15      5.988
 -20      0.000
 -25      0.000
 -30      0.000
 -35      0.000
 -40      0.000
 -45      0.000
 -50      0.000
