 150     31.966
 145     28.969
 140     34.962
 135     56.939
 130     55.940
 125     73.921
 120     98.795
 115    101.789
 110    126.863
 105    171.815
 100    194.790
  95    263.717
  90    313.664
  85    361.612
  80    476.012
  75    719.507
  70   1055.811
  65   1805.254
  60   3402.342
  55   6275.229
  50  12114.989
  45  21040.382
  40  32888.645
  35  45697.178
  30  53619.739
  25  60142.145
  20  63607.015
  15  66973.071
  10  69208.601
   5  73910.546
   0  80684.264
  -5  95170.711
 -10   6404.710
 -15      0.998
 -20      0.000
 -25      0.000
 -30      0.000
 -35      0.000
 -40      0.000
 -45      0.000
 -50      0.000
