 150   2683.118
 145   3411.336
 140   4553.110
 135   6253.271
 130   8207.169
 125  11054.117
 120  14713.470
 115  18962.634
 110  23257.951
 105  28407.547
 100  32883.617
  95  37810.354
  90  40172.975
  85  44270.454
  80  47370.753
  75  49977.347
  70  52912.313
  65  55266.322
  60  57773.893
  55  62293.723
  50  66476.604
  45  69955.798
  40  75610.718
  35  81740.389
  30  85827.993
  25  94273.477
  20 102450.415
  15 114900.482
  10 128637.714
   5 153078.441
   0 190969.708
  -5 287212.895
 -10  60735.036
 -15    480.004
 -20      8.981
 -25      0.000
 -30      0.000
 -35      0.000
 -40      0.000
 -45      0.000
 -50      0.000
