 150    254.727
 145    280.699
 140    341.633
 135    401.568
 130    431.536
 125    475.489
 120    624.704
 115    692.562
 110    845.090
 105   1125.793
 100   1535.348
  95   2397.423
  90   3592.153
  85   5586.001
  80   9098.130
  75  14158.621
  70  21832.741
  65  31582.466
  60  41346.552
  55  51877.972
  50  58893.689
  45  63419.824
  40  67012.961
  35  70345.034
  30  71560.512
  25  76229.899
  20  79461.118
  15  85327.273
  10  90900.282
   5 102281.048
   0 122791.999
  -5 173083.371
 -10  46763.965
 -15     13.971
 -20      0.000
 -25      0.000
 -30      0.000
 -35      0.000
 -40      0.000
 -45      0.000
 -50      0.000
