 150      0.000
 145      0.000
 140      0.000
 135      0.000
 130      0.000
 125      0.000
 120      0.000
 115      0.000
 110      0.000
 105      0.000
 100      0.000
  95      0.000
  90      0.000
  85      0.000
  80      0.000
  75      0.000
  70      0.998
  65      0.000
  60      0.000
  55      0.000
  50      0.000
  45      1.998
  40      1.998
  35      2.994
  30      6.986
  25     29.938
  20    116.758
  15    367.605
  10   1258.647
   5   5851.704
   0  61613.765
  -5 291624.754
 -10      0.000
 -15      0.000
 -20      0.000
 -25      0.000
 -30      0.000
 -35      0.000
 -40      0.000
 -45      0.000
 -50      0.000
