 150    708.239
 145    769.174
 140    915.016
 135   1051.869
 130   1208.699
 125   1595.287
 120   1926.004
 115   2784.220
 110   3811.895
 105   5748.837
 100   8411.957
  95  12267.812
  90  17371.395
  85  24398.796
  80  31927.782
  75  39801.452
  70  47144.223
  65  52501.113
  60  56281.497
  55  59800.475
  50  62196.201
  45  64782.359
  40  67336.680
  35  70901.879
  30  72279.093
  25  77842.555
  20  81665.625
  15  89001.324
  10  96938.791
   5 113461.915
   0 141824.539
  -5 206044.077
 -10  24908.340
 -15     46.903
 -20      0.000
 -25      0.000
 -30      0.000
 -35      0.000
 -40      0.000
 -45      0.000
 -50      0.000
