 150      0.000
 145      0.000
 140      0.000
 135      0.000
 130      0.000
 125      0.000
 120      0.000
 115      0.999
 110      0.000
 105      0.000
 100      0.000
  95      0.000
  90      0.000
  85      1.996
  80      0.000
  75      0.000
  70      0.999
  65      1.998
  60      0.000
  55      4.990
  50     12.973
  45     33.930
  40     73.848
  35    115.760
  30    177.634
  25    338.641
  20    670.279
  15   1994.844
  10   7853.805
   5  26950.105
   0  60864.975
  -5  86337.038
 -10      7.984
 -15      0.000
 -20      0.000
 -25      0.000
 -30      0.000
 -35      0.000
 -40      0.000
 -45      0.000
 -50      0.000
