 150  45732.929
 145  48037.504
 140  50921.338
 135  53719.833
 130  56674.663
 125  57364.910
 120  60151.938
 115  60911.581
 110  62272.058
 105  62794.559
 100  64023.175
  95  65961.318
  90  67995.114
  85  68562.527
  80  69428.242
  75  72330.060
  70  73030.492
  65  75336.164
  60  77102.500
  55  80796.217
  50  82155.623
  45  83573.671
  40  87540.492
  35  93463.969
  30  99334.569
  25 104636.980
  20 115028.230
  15 129100.442
  10 147115.648
   5 174114.886
   0 229744.523
  -5 365159.625
 -10 103990.092
 -15   7962.486
 -20    426.547
 -25     16.982
 -30      0.000
 -35      0.000
 -40      0.000
 -45      0.000
 -50      0.000
