 150      0.999
 145      0.000
 140      0.000
 135      0.000
 130      0.000
 125      0.000
 120      0.000
 115      0.000
 110      0.999
 105      0.999
 100      2.997
  95      2.994
  90      5.988
  85     10.977
  80     13.971
  75     19.959
  70     37.959
  65     48.947
  60     81.912
  55    127.733
  50    174.636
  45    245.494
  40    368.240
  35    650.649
  30   1421.074
  25   3862.901
  20  10479.734
  15  24281.751
  10  43068.150
   5  60265.948
   0  75989.410
  -5 104998.029
 -10      0.998
 -15      0.000
 -20      0.000
 -25      0.000
 -30      0.000
 -35      0.000
 -40      0.000
 -45      0.000
 -50      0.000
