 150  67764.289
 145  69370.565
 140  68703.509
 135  70924.980
 130  72366.826
 125  72777.986
 120  74487.671
 115  74687.785
 110  75898.409
 105  76441.901
 100  76406.863
  95  78645.070
  90  81363.334
  85  80609.574
  80  82348.386
  75  84419.997
  70  85145.554
  65  87883.613
  60  89481.255
  55  92638.571
  50  94558.845
  45  96386.252
  40 100690.276
  35 107894.012
  30 115502.296
  25 123005.491
  20 137352.209
  15 154050.625
  10 179939.784
   5 223966.270
   0 320695.030
  -5 509627.331
 -10 109508.631
 -15  11367.424
 -20    973.965
 -25     69.928
 -30      3.992
 -35      2.994
 -40      0.000
 -45      0.998
 -50      0.000
