 150  55898.021
 145  59096.589
 140  61733.964
 135  65610.072
 130  68205.519
 125  69329.142
 120  71647.695
 115  71352.368
 110  72476.088
 105  72492.143
 100  72819.719
  95  74381.848
  90  76086.273
  85  75411.371
  80  76350.885
  75  77335.683
  70  78390.808
  65  78542.645
  60  79250.202
  55  82168.432
  50  82592.794
  45  83972.848
  40  86412.731
  35  91099.877
  30  96786.813
  25 101889.895
  20 112615.825
  15 126397.491
  10 146938.865
   5 183737.744
   0 269712.380
  -5 450516.169
 -10 126434.797
 -15  11233.701
 -20    486.483
 -25     11.988
 -30      1.996
 -35      0.000
 -40      0.000
 -45      0.000
 -50      0.000
