 150  38861.302
 145  45317.420
 140  51131.901
 135  58120.644
 130  64648.015
 125  68841.086
 120  73952.241
 115  77366.908
 110  80000.999
 105  81181.811
 100  82833.953
  95  84173.854
  90  87665.357
  85  86790.649
  80  88650.164
  75  90947.466
  70  91279.874
  65  93231.962
  60  95133.207
  55  98179.902
  50  99599.236
  45 100753.247
  40 104406.713
  35 109800.055
  30 115993.286
  25 120180.489
  20 129331.839
  15 143786.567
  10 163033.824
   5 194095.446
   0 263302.488
  -5 417827.234
 -10 116380.605
 -15   6300.932
 -20    225.760
 -25      3.996
 -30      0.000
 -35      0.000
 -40      0.000
 -45      0.000
 -50      0.000
