 150  71131.676
 145  71670.098
 140  71850.981
 135  73869.834
 130  75770.715
 125  76310.655
 120  78719.164
 115  78892.270
 110  80691.257
 105  80978.030
 100  82606.198
  95  84713.575
  90  87883.817
  85  87790.659
  80  90977.403
  75  92687.858
  70  94383.632
  65  96338.532
  60 100016.982
  55 103727.417
  50 105834.335
  45 108918.410
  40 113323.214
  35 121342.094
  30 129698.081
  25 137488.125
  20 152128.310
  15 175103.888
  10 213352.853
   5 288032.333
   0 434324.000
  -5 637323.807
 -10 154421.201
 -15  25408.303
 -20   2067.802
 -25    130.865
 -30      9.979
 -35      0.000
 -40      0.000
 -45      0.000
 -50      1.996
