 150    871.065
 145   1171.743
 140   1391.113
 135   1870.095
 130   2743.302
 125   3836.036
 120   5621.019
 115   8188.206
 110  11691.420
 105  16590.182
 100  22578.750
  95  30615.025
  90  40771.521
  85  48568.076
  80  58136.727
  75  66671.856
  70  71339.310
  65  75412.083
  60  78218.385
  55  80871.060
  50  81673.629
  45  83000.935
  40  84631.490
  35  87455.443
  30  90578.589
  25  91131.401
  20  95760.961
  15 101819.831
  10 109306.719
   5 122220.515
   0 150514.725
  -5 227310.784
 -10  16170.737
 -15      6.986
 -20      0.000
 -25      0.000
 -30      0.000
 -35      0.000
 -40      0.000
 -45      0.000
 -50      0.000
