 150    254.727
 145    344.630
 140    359.255
 135    425.112
 130    521.916
 125    584.786
 120    762.189
 115    925.007
 110   1203.705
 105   1689.186
 100   2427.393
  95   3701.386
  90   5658.276
  85   8702.915
  80  13221.420
  75  19687.208
  70  27835.077
  65  38105.113
  60  48528.123
  55  59669.351
  50  67675.828
  45  73311.904
  40  79123.847
  35  83995.625
  30  87874.155
  25  90337.243
  20  95714.012
  15 101872.774
  10 109618.077
   5 120955.139
   0 151034.640
  -5 221908.103
 -10 100020.258
 -15    260.460
 -20      0.999
 -25      1.998
 -30      0.000
 -35      0.000
 -40      0.000
 -45      0.000
 -50      0.000
