 150    588.369
 145    659.293
 140    756.430
 135   1076.752
 130   1249.406
 125   1612.654
 120   2172.688
 115   2997.780
 110   4135.554
 105   6121.426
 100   8787.562
  95  12683.909
  90  18082.515
  85  24488.114
  80  32818.573
  75  41363.254
  70  49706.615
  65  58043.719
  60  64222.346
  55  70543.705
  50  73339.015
  45  75595.198
  40  78320.425
  35  82491.747
  30  85377.294
  25  87033.744
  20  91980.029
  15  97442.567
  10 106668.050
   5 119577.995
   0 150930.009
  -5 228789.686
 -10  96078.367
 -15    705.536
 -20      2.997
 -25      0.999
 -30      0.000
 -35      0.000
 -40      0.000
 -45      0.000
 -50      0.000
