 150  61903.577
 145  65468.817
 140  66933.114
 135  70626.532
 130  72917.748
 125  73273.883
 120  75801.272
 115  75860.526
 110  77994.156
 105  78151.066
 100  79085.983
  95  80893.602
  90  83353.292
  85  83422.648
  80  85338.070
  75  87373.874
  70  87696.726
  65  89751.696
  60  92419.112
  55  95190.148
  50  96016.709
  45  98836.200
  40 101791.107
  35 108611.522
  30 115386.535
  25 121182.425
  20 132816.090
  15 147859.164
  10 166990.665
   5 197193.022
   0 260281.792
  -5 392612.085
 -10 144815.115
 -15  18582.460
 -20   1033.902
 -25     40.957
 -30      1.996
 -35      0.000
 -40      0.000
 -45      0.000
 -50      0.000
