 150      4.995
 145      2.997
 140      0.998
 135      1.996
 130      2.994
 125     10.977
 120      9.989
 115     18.980
 110     32.965
 105     34.962
 100     33.964
  95     58.879
  90     66.861
  85     95.801
  80    110.769
  75    175.636
  70    193.792
  65    318.658
  60    398.573
  55    612.720
  50    978.959
  45   1967.942
  40   4538.637
  35  10228.755
  30  20945.872
  25  36687.112
  20  55322.473
  15  69588.775
  10  77769.639
   5  84370.017
   0  98368.606
  -5 135099.831
 -10     67.860
 -15      0.000
 -20      0.000
 -25      0.000
 -30      0.000
 -35      0.000
 -40      0.000
 -45      0.000
 -50      0.000
