 150  74556.001
 145  75489.999
 140  75201.956
 135  77862.501
 130  79464.998
 125  80345.284
 120  82323.326
 115  83622.190
 110  85566.102
 105  86104.524
 100  87067.490
  95  89139.640
  90  92637.962
  85  93108.613
  80  95308.282
  75  97439.009
  70  99416.128
  65 101527.959
  60 103835.896
  55 108294.880
  50 110913.745
  45 114011.907
  40 118967.570
  35 126844.670
  30 135910.161
  25 144980.176
  20 160053.942
  15 180632.736
  10 212967.648
   5 274828.730
   0 407342.875
  -5 636581.362
 -10 111845.821
 -15   5998.559
 -20    193.794
 -25      2.997
 -30      0.000
 -35      0.000
 -40      0.000
 -45      0.000
 -50      0.000
