 150   5831.743
 145   7549.899
 140   9721.827
 135  12884.098
 130  16790.127
 125  21005.393
 120  26166.159
 115  31345.335
 110  36727.481
 105  41846.057
 100  46223.356
  95  50501.119
  90  54300.489
  85  55939.757
  80  58049.908
  75  59684.334
  70  60892.541
  65  62280.173
  60  62604.076
  55  64998.219
  50  65551.260
  45  66646.641
  40  67581.647
  35  70706.214
  30  73389.963
  25  74671.848
  20  78847.160
  15  84095.009
  10  90622.228
   5 102304.820
   0 129964.634
  -5 209340.432
 -10  66343.531
 -15   1074.770
 -20     11.987
 -25      0.000
 -30      0.000
 -35      0.000
 -40      0.000
 -45      0.000
 -50      0.000
