 150    209.775
 145    252.729
 140    285.408
 135    336.298
 130    362.248
 125    456.054
 120    556.408
 115    640.312
 110    826.112
 105   1093.825
 100   1414.481
  95   2216.441
  90   3398.954
  85   5143.312
  80   8411.462
  75  13077.890
  70  19956.567
  65  29145.727
  60  39972.270
  55  52064.290
  50  62027.610
  45  69794.154
  40  76070.067
  35  81691.409
  30  85069.926
  25  86356.462
  20  90244.896
  15  95739.410
  10 102790.047
   5 115391.678
   0 145654.020
  -5 228132.063
 -10  14501.171
 -15     14.969
 -20      0.000
 -25      0.000
 -30      0.000
 -35      0.000
 -40      0.000
 -45      0.000
 -50      0.000
