 150      0.000
 145      0.000
 140      0.000
 135      0.000
 130      0.000
 125      1.996
 120      0.999
 115      0.000
 110      0.999
 105      1.998
 100      0.999
  95      2.994
  90      1.996
  85      5.988
  80     13.971
  75     23.950
  70     28.969
  65     19.979
  60     41.955
  55     52.890
  50     89.813
  45    127.737
  40    270.442
  35    599.754
  30   1600.704
  25   4094.660
  20   8128.254
  15  13684.207
  10  18104.668
   5  20892.669
   0  24130.615
  -5  34000.734
 -10      0.000
 -15      0.000
 -20      0.000
 -25      0.000
 -30      0.000
 -35      0.000
 -40      0.000
 -45      0.000
 -50      0.000
