 150  46129.503
 145  47782.777
 140  48111.169
 135  50357.903
 130  51783.875
 125  52520.021
 120  54606.844
 115  55364.483
 110  56710.037
 105  57349.407
 100  59160.462
  95  60982.437
  90  63074.247
  85  63343.436
  80  65889.686
  75  67607.916
  70  68930.899
  65  71191.611
  60  73445.340
  55  76730.863
  50  79129.016
  45  81277.406
  40  85891.719
  35  91244.576
  30  98512.262
  25 105772.775
  20 117641.418
  15 131163.213
  10 149975.600
   5 180959.690
   0 249854.803
  -5 421407.573
 -10  86925.021
 -15   6081.393
 -20    317.662
 -25     14.985
 -30      2.994
 -35      0.000
 -40      0.000
 -45      0.998
 -50      0.000
