 150     16.982
 145     35.961
 140     43.909
 135     62.869
 130     71.851
 125     80.832
 120    119.872
 115    142.847
 110    142.846
 105    183.803
 100    238.744
  95    277.429
  90    371.231
  85    412.144
  80    595.757
  75    820.300
  70   1143.770
  65   1933.925
  60   3524.233
  55   6717.966
  50  12712.482
  45  22128.393
  40  36209.336
  35  52949.078
  30  67778.512
  25  77297.065
  20  85452.054
  15  92177.264
  10  98133.746
   5 104941.352
   0 121288.749
  -5 154419.491
 -10  23085.513
 -15      0.000
 -20      0.000
 -25      0.000
 -30      0.000
 -35      0.000
 -40      0.000
 -45      0.000
 -50      0.000
