 150      0.999
 145      0.000
 140      0.998
 135      0.000
 130      1.996
 125      1.996
 120      2.997
 115      6.992
 110     15.983
 105      4.995
 100     15.983
  95     22.953
  90     33.930
  85     43.909
  80     41.913
  75     72.849
  70    112.879
  65    150.838
  60    204.781
  55    262.452
  50    405.155
  45    704.547
  40   1465.976
  35   3272.204
  30   8126.268
  25  18243.662
  20  35036.301
  15  54856.700
  10  70252.140
   5  81966.003
   0  96697.096
  -5 127767.200
 -10     43.910
 -15      0.000
 -20      0.000
 -25      0.000
 -30      0.000
 -35      0.000
 -40      0.000
 -45      0.000
 -50      0.000
