 150  67891.153
 145  68475.594
 140  68219.445
 135  70700.378
 130  71349.023
 125  71650.254
 120  73196.046
 115  73367.204
 110  75071.298
 105  74602.877
 100  76224.059
  95  77142.318
  90  79934.376
  85  79297.220
  80  81607.848
  75  83404.103
  70  84283.395
  65  85657.090
  60  88537.265
  55  91361.147
  50  93240.500
  45  95089.925
  40 100239.307
  35 107134.589
  30 113683.040
  25 120774.858
  20 132705.209
  15 148985.946
  10 170961.477
   5 205690.398
   0 283421.499
  -5 452893.735
 -10 202366.732
 -15  69940.942
 -20   4685.025
 -25    358.623
 -30     28.940
 -35      0.998
 -40      0.000
 -45      1.996
 -50      0.000
