 150  62867.543
 145  63601.755
 140  63910.450
 135  65631.028
 130  67172.676
 125  68223.436
 120  70368.058
 115  70969.778
 110  72678.870
 105  73807.730
 100  75146.218
  95  77285.868
  90  80431.266
  85  80146.536
  80  82808.427
  75  85170.442
  70  86733.848
  65  89394.990
  60  92833.668
  55  96705.080
  50  98985.615
  45 103370.849
  40 107956.286
  35 116333.492
  30 124503.771
  25 134116.702
  20 148401.320
  15 167411.196
  10 194677.381
   5 244702.243
   0 357474.309
  -5 565587.095
 -10 139585.733
 -15  43884.983
 -20   4051.693
 -25    419.566
 -30     39.917
 -35      1.996
 -40      0.998
 -45      0.000
 -50      0.000
