 150      0.000
 145      0.999
 140      0.000
 135      0.998
 130      0.000
 125      1.996
 120      0.000
 115      1.998
 110      0.999
 105      0.999
 100      0.999
  95      4.990
  90      0.998
  85      5.988
  80      6.985
  75      3.992
  70     14.984
  65     27.970
  60     64.931
  55    134.719
  50    202.577
  45    358.261
  40    616.728
  35   1073.771
  30   2096.685
  25   4338.397
  20  11841.259
  15  38696.169
  10 116679.407
   5 251837.689
   0 373277.969
  -5 435348.510
 -10   2287.295
 -15      0.000
 -20      0.000
 -25      0.000
 -30      0.000
 -35      0.000
 -40      0.000
 -45      0.000
 -50      0.000
