 150      0.000
 145      0.000
 140      0.000
 135      0.000
 130      0.000
 125      0.000
 120      0.000
 115      0.000
 110      0.999
 105      1.998
 100      0.999
  95      0.998
  90      0.998
  85      1.996
  80      1.996
  75      1.996
  70     10.988
  65     13.985
  60     27.970
  55     42.910
  50     62.869
  45     78.837
  40    193.601
  35    328.318
  30    585.794
  25   1702.196
  20   5538.041
  15  17530.050
  10  41855.694
   5  68961.973
   0  85372.742
  -5 102126.942
 -10      0.000
 -15      0.000
 -20      0.000
 -25      0.000
 -30      0.000
 -35      0.000
 -40      0.000
 -45      0.000
 -50      0.000
