 150    293.685
 145    325.651
 140    381.209
 135    445.071
 130    534.889
 125    661.626
 120    832.114
 115   1053.868
 110   1376.520
 105   1973.880
 100   2937.845
  95   4398.956
  90   6484.558
  85   9827.578
  80  14631.493
  75  21312.819
  70  28791.050
  65  37696.514
  60  46703.980
  55  55742.554
  50  63223.180
  45  68084.610
  40  73165.060
  35  78324.320
  30  83987.071
  25  87406.349
  20  95378.373
  15 105266.207
  10 117741.218
   5 138972.770
   0 190463.313
  -5 358849.851
 -10  28136.124
 -15     52.890
 -20      0.000
 -25      0.000
 -30      0.000
 -35      0.000
 -40      0.000
 -45      0.000
 -50      0.000
