 150     25.972
 145     36.960
 140     55.884
 135     71.850
 130    102.785
 125    136.716
 120    182.805
 115    232.750
 110    333.641
 105    410.559
 100    497.465
  95    668.625
  90    882.172
  85   1128.655
  80   1467.939
  75   1941.974
  70   2559.249
  65   3649.085
  60   5263.368
  55   8243.779
  50  14279.214
  45  26408.546
  40  50836.176
  35  95196.372
  30 160374.948
  25 239100.315
  20 313149.052
  15 364023.491
  10 392868.904
   5 415074.136
   0 447771.501
  -5 508012.206
 -10 154837.499
 -15     55.884
 -20      0.000
 -25      0.000
 -30      0.000
 -35      0.000
 -40      0.000
 -45      0.000
 -50      0.000
