 150  78620.640
 145  79424.857
 140  78332.460
 135  79735.592
 130  81417.001
 125  80567.741
 120  82977.629
 115  83092.758
 110  83967.735
 105  83831.049
 100  84486.262
  95  86654.751
  90  88751.019
  85  88716.647
  80  90718.851
  75  92702.827
  70  94560.442
  65  97134.774
  60  99865.144
  55 103907.042
  50 106861.088
  45 110857.523
  40 117977.612
  35 127146.172
  30 137837.193
  25 149310.581
  20 170950.058
  15 204004.471
  10 256621.846
   5 344593.313
   0 491933.335
  -5 720565.137
 -10 229106.499
 -15 148405.208
 -20  38369.252
 -25   8291.336
 -30   1499.877
 -35    224.533
 -40     25.946
 -45      7.983
 -50      2.994
