 150    653.299
 145    734.212
 140    881.172
 135   1161.575
 130   1429.033
 125   2141.556
 120   2794.027
 115   3902.808
 110   5767.800
 105   8283.104
 100  12075.031
  95  17173.674
  90  23984.281
  85  31643.245
  80  41310.867
  75  51219.821
  70  60159.389
  65  67942.098
  60  73510.417
  55  78514.063
  50  79602.948
  45  80997.065
  40  83043.681
  35  85950.567
  30  88541.781
  25  89039.618
  20  94145.699
  15 100913.811
  10 110154.861
   5 127368.837
   0 168891.523
  -5 289920.616
 -10  16669.710
 -15     73.847
 -20      0.999
 -25      0.000
 -30      0.000
 -35      0.000
 -40      0.000
 -45      0.000
 -50      0.000
