 150  52057.143
 145  52434.790
 140  53630.716
 135  55456.263
 130  56980.026
 125  57264.177
 120  60188.899
 115  60680.768
 110  62335.989
 105  63629.662
 100  64636.580
  95  66405.272
  90  69723.463
  85  70292.004
  80  72624.650
  75  74814.983
  70  76816.422
  65  78917.322
  60  81923.260
  55  85442.681
  50  87604.345
  45  89641.160
  40  93921.147
  35 100116.159
  30 106371.088
  25 113227.865
  20 123411.210
  15 136594.342
  10 153673.971
   5 182184.150
   0 242962.181
  -5 374730.315
 -10 133768.571
 -15  26965.101
 -20   1579.321
 -25     88.908
 -30      9.979
 -35      0.000
 -40      0.998
 -45      1.996
 -50      0.998
