 150     54.941
 145     81.912
 140     77.838
 135     93.804
 130    142.704
 125    141.706
 120    157.832
 115    174.812
 110    211.772
 105    262.718
 100    345.629
  95    361.257
  90    570.817
  85    690.565
  80    993.928
  75   1680.516
  70   2780.011
  65   4831.811
  60   8103.321
  55  13594.601
  50  20999.217
  45  30169.790
  40  40977.463
  35  51654.713
  30  59725.026
  25  63802.369
  20  68238.575
  15  72387.749
  10  77613.960
   5  86982.598
   0 111439.315
  -5 186740.592
 -10   5556.570
 -15      2.994
 -20      0.000
 -25      0.000
 -30      0.000
 -35      0.000
 -40      0.000
 -45      0.000
 -50      0.000
