 150   1121.796
 145   1483.408
 140   1847.167
 135   2627.514
 130   3653.412
 125   5041.534
 120   7314.218
 115   9982.279
 110  13573.395
 105  18290.356
 100  23631.620
  95  30385.497
  90  37293.727
  85  43276.072
  80  49143.487
  75  54212.671
  70  56884.849
  65  59127.556
  60  60163.685
  55  62212.039
  50  62806.985
  45  63307.523
  40  64510.978
  35  66747.432
  30  68407.218
  25  69071.784
  20  71684.867
  15  75371.448
  10  80423.248
   5  87981.526
   0 104355.107
  -5 140692.250
 -10  49988.174
 -15    227.528
 -20      0.999
 -25      0.000
 -30      0.000
 -35      0.000
 -40      0.000
 -45      0.000
 -50      0.000
