 150  58833.871
 145  60512.071
 140  60688.072
 135  63487.502
 130  65032.148
 125  66326.373
 120  69030.483
 115  70393.397
 110  72649.974
 105  74935.519
 100  76761.558
  95  78734.044
  90  82515.944
  85  83655.248
  80  87061.477
  75  90739.896
  70  93015.009
  65  96027.866
  60  99955.048
  55 105711.275
  50 109209.299
  45 112949.099
  40 118490.554
  35 128900.403
  30 138455.919
  25 147742.245
  20 162910.871
  15 182428.794
  10 211192.310
   5 269174.463
   0 394271.156
  -5 593116.421
 -10 221900.329
 -15  61663.111
 -20   4401.321
 -25    392.592
 -30     35.925
 -35      0.998
 -40      0.000
 -45      2.994
 -50      0.998
