 150  52922.214
 145  54804.250
 140  55710.401
 135  58261.350
 130  60390.904
 125  61062.235
 120  63229.660
 115  63907.363
 110  65390.705
 105  66218.881
 100  67459.481
  95  69239.574
  90  72392.004
  85  72260.842
  80  74552.558
  75  76613.181
  70  77183.028
  65  80268.872
  60  81338.967
  55  84572.328
  50  86006.590
  45  88411.695
  40  92110.069
  35  97597.388
  30 103535.923
  25 107898.520
  20 118322.685
  15 129787.699
  10 146881.131
   5 172517.199
   0 231611.627
  -5 387355.104
 -10 110824.035
 -15  10295.647
 -20    475.495
 -25     18.980
 -30      0.998
 -35      0.000
 -40      0.000
 -45      0.000
 -50      0.000
