 150    709.239
 145    902.032
 140   1078.762
 135   1482.904
 130   2124.587
 125   2896.986
 120   4232.497
 115   6061.490
 110   8490.864
 105  12335.751
 100  16873.877
  95  23071.542
  90  30403.005
  85  37636.791
  80  44809.527
  75  51286.734
  70  56503.259
  65  60419.170
  60  62963.692
  55  65145.910
  50  65623.110
  45  66758.411
  40  68215.340
  35  70631.369
  30  73058.645
  25  73703.874
  20  76114.101
  15  78908.621
  10  83896.090
   5  89761.834
   0 104151.532
  -5 136804.395
 -10  66046.143
 -15    309.358
 -20      0.999
 -25      0.000
 -30      0.000
 -35      0.000
 -40      0.000
 -45      0.000
 -50      0.000
