 150   2025.826
 145   2830.962
 140   3545.643
 135   4947.669
 130   7027.404
 125   9504.269
 120  13191.964
 115  17733.954
 110  23325.901
 105  29889.898
 100  37140.112
  95  45656.085
  90  54987.067
  85  60474.334
  80  67465.267
  75  73329.062
  70  75503.833
  65  77963.345
  60  79879.609
  55  82039.619
  50  82611.672
  45  83850.185
  40  85355.996
  35  88239.814
  30  91209.291
  25  91701.796
  20  96311.369
  15 102284.328
  10 109588.139
   5 121959.057
   0 149524.792
  -5 222091.718
 -10  88950.030
 -15    828.281
 -20      4.995
 -25      0.000
 -30      0.000
 -35      0.000
 -40      0.000
 -45      0.000
 -50      0.000
