 150  53904.161
 145  57340.474
 140  59374.857
 135  62143.307
 130  65433.310
 125  66621.760
 120  69058.453
 115  69436.425
 110  70874.810
 105  71292.432
 100  72413.156
  95  73591.475
  90  76537.338
  85  76715.662
  80  78196.039
  75  80047.062
  70  80874.141
  65  82659.224
  60  85100.942
  55  87307.702
  50  88312.868
  45  89883.660
  40  92843.464
  35  98584.339
  30 103790.399
  25 108158.244
  20 116870.248
  15 128249.491
  10 143619.713
   5 168706.933
   0 222167.558
  -5 337015.952
 -10 109016.644
 -15   9244.826
 -20    462.508
 -25     22.976
 -30      0.998
 -35      0.000
 -40      0.000
 -45      0.000
 -50      0.000
