 150      0.000
 145      0.000
 140      0.000
 135      0.000
 130      0.000
 125      0.000
 120      0.000
 115      0.000
 110      0.000
 105      0.000
 100      0.999
  95      0.000
  90      0.998
  85      0.000
  80      1.996
  75      0.998
  70      5.994
  65      9.989
  60     20.978
  55     34.927
  50     59.875
  45    101.790
  40    142.706
  35    231.519
  30    410.155
  25    888.059
  20   2497.313
  15   8716.577
  10  25134.173
   5  50383.505
   0  75111.168
  -5 101650.940
 -10      0.998
 -15      0.000
 -20      0.000
 -25      0.000
 -30      0.000
 -35      0.000
 -40      0.000
 -45      0.000
 -50      0.000
