 150  50670.630
 145  52108.088
 140  53005.015
 135  55678.798
 130  57928.986
 125  59298.955
 120  62045.921
 115  64530.694
 110  66789.268
 105  68988.906
 100  70477.307
  95  74136.501
  90  78848.547
  85  80011.815
  80  83632.626
  75  88013.548
  70  91115.051
  65  94478.530
  60  98263.858
  55 104189.452
  50 108338.115
  45 113395.179
  40 120226.972
  35 129788.559
  30 140525.658
  25 150408.417
  20 165499.088
  15 185419.561
  10 213947.626
   5 263988.224
   0 373237.054
  -5 549446.909
 -10 241760.457
 -15  64774.657
 -20   6279.325
 -25    817.151
 -30     81.830
 -35     10.977
 -40      0.000
 -45      1.996
 -50      0.998
