 150  44536.213
 145  49664.710
 140  53524.936
 135  58922.030
 130  63488.373
 125  66572.861
 120  69877.580
 115  72213.443
 110  74862.598
 105  76428.915
 100  78355.846
  95  81584.181
  90  85039.713
  85  85607.194
  80  88504.468
  75  91734.834
  70  94629.274
  65  97717.052
  60 101143.776
  55 105662.377
  50 107278.325
  45 110246.671
  40 113859.109
  35 121145.502
  30 126939.631
  25 131294.696
  20 140785.655
  15 152858.760
  10 167876.670
   5 194052.341
   0 254928.963
  -5 389094.846
 -10 151874.442
 -15  13422.162
 -20    566.398
 -25     15.983
 -30      0.998
 -35      0.000
 -40      0.000
 -45      0.000
 -50      0.000
