 150    913.020
 145   1083.837
 140   1327.246
 135   1714.420
 130   2405.007
 125   3331.088
 120   4871.816
 115   6933.553
 110   9701.571
 105  13778.202
 100  19210.368
  95  26066.381
  90  34887.678
  85  42509.665
  80  51732.138
  75  60854.848
  70  66893.157
  65  72319.401
  60  76583.133
  55  80068.816
  50  83288.261
  45  84466.914
  40  87379.736
  35  92331.320
  30  95754.936
  25  96988.193
  20 103388.754
  15 111246.631
  10 122170.085
   5 140098.436
   0 188328.957
  -5 345537.100
 -10  56855.049
 -15    275.428
 -20      3.996
 -25      0.000
 -30      0.000
 -35      0.000
 -40      0.000
 -45      0.000
 -50      0.000
