 150  48164.320
 145  48913.565
 140  50403.413
 135  52523.384
 130  54144.945
 125  54654.592
 120  57647.605
 115  58272.357
 110  60015.483
 105  61268.198
 100  62343.044
  95  64238.732
  90  67645.770
  85  68387.958
  80  70706.647
  75  73067.604
  70  75155.208
  65  77278.081
  60  80473.813
  55  84100.482
  50  86275.116
  45  88457.600
  40  92804.452
  35  99077.315
  30 105514.850
  25 112480.658
  20 122885.775
  15 136380.573
  10 153943.415
   5 183300.834
   0 245674.523
  -5 380950.290
 -10 130010.309
 -15   4774.103
 -20     67.928
 -25      0.000
 -30      0.000
 -35      0.000
 -40      0.000
 -45      0.000
 -50      0.000
