 150      0.000
 145      0.000
 140      0.998
 135      0.000
 130      0.998
 125      3.992
 120      0.000
 115      2.997
 110      1.998
 105      4.995
 100      8.990
  95     15.967
  90     25.946
  85     31.934
  80     50.894
  75     60.874
  70     85.908
  65    108.883
  60    159.829
  55    247.483
  50    283.409
  45    479.012
  40    887.171
  35   1999.848
  30   5211.275
  25  12526.709
  20  26299.702
  15  45621.683
  10  61996.164
   5  71667.362
   0  82758.283
  -5 103687.671
 -10   1705.492
 -15      0.000
 -20      0.000
 -25      0.000
 -30      0.000
 -35      0.000
 -40      0.000
 -45      0.000
 -50      0.000
