 150    920.013
 145   1279.627
 140   1725.420
 135   2221.362
 130   3090.581
 125   4339.990
 120   6191.412
 115   8559.807
 110  12042.043
 105  15747.088
 100  21142.293
  95  27433.569
  90  34217.102
  85  39820.254
  80  46553.889
  75  51131.056
  70  55350.498
  65  57601.194
  60  60330.507
  55  62167.133
  50  63395.756
  45  64998.039
  40  66343.200
  35  68997.761
  30  70465.981
  25  72329.331
  20  74789.526
  15  78282.299
  10  82625.708
   5  89708.944
   0 104293.236
  -5 142428.612
 -10  69600.831
 -15    557.842
 -20      4.995
 -25      0.000
 -30      0.000
 -35      0.000
 -40      0.000
 -45      0.000
 -50      0.000
