 150    527.434
 145    593.363
 140    741.461
 135    797.335
 130    991.941
 125   1244.418
 120   1558.342
 115   2033.816
 110   2967.810
 105   4195.494
 100   5983.574
  95   9085.312
  90  13840.309
  85  19405.675
  80  28135.338
  75  38254.698
  70  49224.133
  65  60794.767
  60  70463.674
  55  79717.550
  50  84833.038
  45  87273.130
  40  89518.324
  35  94737.325
  30  97194.973
  25  97599.544
  20 102990.183
  15 108739.344
  10 118086.506
   5 132844.481
   0 171592.886
  -5 280585.174
 -10  43992.507
 -15    139.710
 -20      0.999
 -25      0.000
 -30      0.000
 -35      0.000
 -40      0.000
 -45      0.000
 -50      0.000
