 150      0.000
 145      0.000
 140      0.000
 135      0.000
 130      0.000
 125      0.998
 120      0.999
 115      0.000
 110      0.999
 105      1.998
 100      0.999
  95      0.998
  90      3.992
  85      2.994
  80      4.990
  75     12.973
  70     23.974
  65     37.959
  60     44.952
  55     81.829
  50    104.782
  45    137.716
  40    287.407
  35    510.939
  30   1012.914
  25   2970.851
  20   8815.515
  15  23750.326
  10  48663.656
   5  72150.360
   0  86521.343
  -5 104160.679
 -10     25.947
 -15      0.000
 -20      0.000
 -25      0.000
 -30      0.000
 -35      0.000
 -40      0.000
 -45      0.000
 -50      0.000
