 150  69116.838
 145  69237.777
 140  69346.107
 135  70871.092
 130  71927.815
 125  72396.704
 120  73445.780
 115  73388.181
 110  74864.521
 105  75017.506
 100  75383.039
  95  76778.068
  90  79412.378
  85  78748.361
  80  80372.423
  75  82408.168
  70  83697.109
  65  84172.683
  60  85918.068
  55  89598.917
  50  91727.656
  45  93239.833
  40  98816.142
  35 105712.646
  30 113338.636
  25 120720.915
  20 132778.131
  15 149294.613
  10 171012.372
   5 208981.572
   0 293258.969
  -5 469987.845
 -10 166151.061
 -15  72512.609
 -20   6112.509
 -25    566.408
 -30     45.904
 -35      2.994
 -40      0.000
 -45      0.000
 -50      0.998
