 150  63163.226
 145  63730.681
 140  64423.322
 135  66261.646
 130  66998.108
 125  67648.562
 120  69386.104
 115  69994.826
 110  71046.625
 105  72041.627
 100  72897.635
  95  74600.547
  90  76876.711
  85  77357.252
  80  79742.736
  75  81915.190
  70  83106.660
  65  84721.094
  60  87579.290
  55  90766.389
  50  93188.609
  45  96111.817
  40 100815.119
  35 108410.939
  30 115821.639
  25 123657.799
  20 137080.501
  15 153302.280
  10 178492.948
   5 220774.114
   0 326958.637
  -5 539809.559
 -10 146233.198
 -15  31155.384
 -20   2336.519
 -25    160.831
 -30      3.992
 -35      0.000
 -40      4.990
 -45      0.000
 -50      1.996
