 150     17.981
 145     29.968
 140     30.936
 135     47.900
 130     56.882
 125     48.898
 120     77.917
 115    114.877
 110     96.896
 105    158.829
 100    156.832
  95    197.594
  90    246.489
  85    310.355
  80    399.168
  75    506.949
  70    844.093
  65   1371.527
  60   2432.395
  55   4514.569
  50   8217.866
  45  14234.648
  40  23424.675
  35  35697.856
  30  47176.863
  25  56345.274
  20  64018.117
  15  69083.321
  10  73900.617
   5  80634.764
   0  95738.099
  -5 136999.848
 -10   8109.319
 -15      0.000
 -20      0.999
 -25      0.000
 -30      0.000
 -35      0.000
 -40      0.000
 -45      0.000
 -50      0.000
