 150   4405.273
 145   5966.598
 140   7909.588
 135  10434.213
 130  13621.708
 125  17434.805
 120  22381.186
 115  27427.543
 110  32917.581
 105  38336.826
 100  43276.521
  95  48611.007
  90  53383.390
  85  56388.824
  80  58731.486
  75  61080.441
  70  61862.498
  65  63133.258
  60  64172.400
  55  66146.819
  50  66778.700
  45  67646.580
  40  68712.315
  35  71939.653
  30  72695.393
  25  74599.924
  20  77927.150
  15  83036.155
  10  89370.807
   5  99940.723
   0 121833.611
  -5 178301.458
 -10  79231.022
 -15   2159.519
 -20     23.975
 -25      0.000
 -30      0.000
 -35      0.000
 -40      0.000
 -45      0.000
 -50      0.000
