 150  34755.707
 145  40854.204
 140  46313.899
 135  52947.446
 130  59387.998
 125  64261.593
 120  69323.171
 115  73007.590
 110  76783.458
 105  78569.616
 100  79356.692
  95  81979.368
  90  84918.050
  85  84214.003
  80  86234.202
  75  87901.780
  70  88975.351
  65  90610.775
  60  92810.693
  55  95257.008
  50  96527.643
  45  98555.778
  40 102204.255
  35 107779.250
  30 113123.192
  25 118522.248
  20 128474.761
  15 142550.902
  10 162295.347
   5 196924.578
   0 288508.882
  -5 491841.101
 -10 118098.072
 -15   5483.627
 -20    118.874
 -25      0.999
 -30      0.000
 -35      0.000
 -40      0.000
 -45      0.000
 -50      0.000
