 150  62610.819
 145  63835.505
 140  63807.599
 135  65853.564
 130  67636.707
 125  68886.061
 120  70986.399
 115  73050.544
 110  74156.356
 105  75776.616
 100  77363.911
  95  79125.239
  90  82747.465
  85  83920.697
  80  86732.163
  75  89618.221
  70  91329.820
  65  94414.599
  60  97226.967
  55 101921.189
  50 106147.682
  45 109405.406
  40 115713.283
  35 123857.871
  30 133701.708
  25 141903.440
  20 157022.201
  15 173989.917
  10 198520.452
   5 237345.508
   0 316465.536
  -5 458559.318
 -10 268880.644
 -15  90801.677
 -20  11826.429
 -25   1823.106
 -30    207.568
 -35     30.936
 -40      0.000
 -45      0.000
 -50      1.996
