 150  58337.404
 145  59555.097
 140  59805.903
 135  61468.715
 130  62539.355
 125  62760.771
 120  64675.121
 115  64899.298
 110  65516.635
 105  65718.418
 100  66038.075
  95  66888.411
  90  69635.645
  85  68674.363
  80  70217.596
  75  71783.193
  70  72331.244
  65  73157.429
  60  75245.487
  55  78030.073
  50  79049.182
  45  80377.262
  40  83771.180
  35  88869.507
  30  94708.994
  25 101022.815
  20 111876.733
  15 126128.655
  10 145040.781
   5 176722.301
   0 248130.152
  -5 429570.051
 -10  86748.472
 -15   5793.983
 -20    335.643
 -25     24.974
 -30      0.998
 -35      0.000
 -40      0.000
 -45      0.998
 -50      1.996
