 150   4760.892
 145   6263.280
 140   7982.436
 135  10584.909
 130  13912.936
 125  17663.349
 120  22263.290
 115  27903.032
 110  33603.909
 105  40107.924
 100  46332.239
  95  52784.422
  90  58183.386
  85  61773.696
  80  65560.307
  75  68493.014
  70  70833.854
  65  71944.731
  60  73929.895
  55  75977.359
  50  77704.985
  45  78031.100
  40  80207.532
  35  84080.449
  30  87498.840
  25  90193.305
  20  96104.687
  15 104362.184
  10 115786.133
   5 135829.155
   0 174769.257
  -5 264632.595
 -10 125615.483
 -15   6405.715
 -20    172.816
 -25      6.993
 -30      0.000
 -35      0.000
 -40      0.000
 -45      0.000
 -50      0.000
