 150  21471.961
 145  26738.337
 140  32331.911
 135  39703.140
 130  47629.550
 125  54482.894
 120  62284.667
 115  68398.540
 110  74552.856
 105  78056.246
 100  81673.283
  95  83976.261
  90  88076.418
  85  87809.532
  80  89390.621
  75  91534.250
  70  91727.485
  65  92832.391
  60  94502.882
  55  97196.055
  50  97941.694
  45  99983.933
  40 102158.248
  35 107201.557
  30 112178.025
  25 115714.227
  20 124740.779
  15 136304.655
  10 153287.920
   5 181649.259
   0 245432.782
  -5 392693.699
 -10 143156.384
 -15   8282.821
 -20    209.777
 -25      3.996
 -30      0.000
 -35      0.000
 -40      0.000
 -45      0.000
 -50      0.000
