 150  51807.411
 145  52262.922
 140  53244.571
 135  54591.068
 130  56350.284
 125  57023.676
 120  59291.854
 115  60268.272
 110  61438.953
 105  62465.912
 100  63401.843
  95  66111.876
  90  67912.218
  85  68406.919
  80  71021.990
  75  73116.430
  70  75575.832
  65  77543.718
  60  80144.246
  55  83199.280
  50  85811.084
  45  88349.823
  40  92667.826
  35  98749.995
  30 106494.834
  25 113725.337
  20 125527.932
  15 140450.314
  10 158185.663
   5 184336.502
   0 241082.103
  -5 361424.815
 -10 136426.235
 -15  29092.662
 -20   1910.969
 -25    148.846
 -30      4.990
 -35      2.994
 -40      1.996
 -45      0.000
 -50      0.998
