 150  54301.734
 145  55360.653
 140  56113.564
 135  58281.367
 130  59559.639
 125  60732.979
 120  63498.374
 115  64192.993
 110  66479.535
 105  67629.366
 100  69258.616
  95  71683.404
  90  75225.058
  85  75829.502
  80  78644.106
  75  81462.210
  70  83719.002
  65  86696.974
  60  90324.263
  55  94972.792
  50  99207.153
  45 101900.880
  40 108275.519
  35 116151.869
  30 126026.637
  25 134971.795
  20 149241.416
  15 163416.347
  10 182615.265
   5 210782.836
   0 266927.190
  -5 387930.673
 -10 188379.127
 -15  70087.708
 -20   9813.568
 -25   1719.229
 -30    264.450
 -35     27.942
 -40      3.992
 -45      3.992
 -50      2.994
