 150  77786.535
 145  78438.835
 140  77901.355
 135  80511.972
 130  82015.669
 125  82776.239
 120  84713.780
 115  85949.690
 110  87811.690
 105  88202.271
 100  89068.341
  95  90994.824
  90  94395.319
  85  94707.293
  80  96958.841
  75  98862.059
  70 100775.666
  65 102917.467
  60 105019.629
  55 109510.342
  50 111912.662
  45 114898.080
  40 119533.403
  35 127143.051
  30 135680.634
  25 144098.112
  20 158139.001
  15 176843.832
  10 205115.846
   5 258833.920
   0 372865.829
  -5 584077.358
 -10 155514.950
 -15  45744.127
 -20   5082.597
 -25    478.503
 -30     33.929
 -35      6.985
 -40      2.994
 -45      0.000
 -50      0.998
