 150  35704.689
 145  38861.341
 140  41410.074
 135  45441.164
 130  48496.739
 125  50656.887
 120  53469.055
 115  54738.156
 110  56494.269
 105  58180.514
 100  59449.152
  95  61829.693
  90  64979.298
  85  65385.195
  80  68131.015
  75  69707.566
  70  71374.273
  65  73907.697
  60  76651.906
  55  79369.356
  50  82190.633
  45  83738.332
  40  87686.016
  35  93278.354
  30  99516.196
  25 104033.620
  20 113256.136
  15 125811.997
  10 142544.930
   5 168057.449
   0 221629.680
  -5 355574.427
 -10  67825.348
 -15   2353.122
 -20     54.942
 -25      2.997
 -30      0.000
 -35      0.000
 -40      0.000
 -45      0.000
 -50      0.000
