 150  61175.359
 145  63226.158
 140  65021.146
 135  67283.579
 130  69304.223
 125  69809.146
 120  71901.425
 115  73170.415
 110  74439.977
 105  75581.825
 100  75310.042
  95  77158.131
  90  79796.582
  85  79938.967
  80  81288.595
  75  82996.947
  70  84184.586
  65  85896.747
  60  87600.268
  55  91368.223
  50  92607.913
  45  94907.301
  40  98184.445
  35 104456.149
  30 110841.887
  25 117244.603
  20 129046.146
  15 144514.924
  10 164955.696
   5 197830.502
   0 268971.925
  -5 420084.922
 -10 119358.360
 -15  14403.128
 -20    956.983
 -25     51.946
 -30      2.994
 -35      0.000
 -40      0.000
 -45      0.000
 -50      0.998
