 150  15929.907
 145  20001.558
 140  24839.458
 135  30593.152
 130  36732.303
 125  42207.377
 120  48683.152
 115  54172.818
 110  58491.122
 105  62047.423
 100  64702.510
  95  67703.733
  90  71235.329
  85  71809.779
  80  74190.313
  75  76799.794
  70  78260.948
  65  80187.958
  60  82209.036
  55  85593.281
  50  86567.420
  45  88881.815
  40  91945.317
  35  96059.676
  30 101192.644
  25 103958.700
  20 112108.371
  15 121644.502
  10 134412.841
   5 156325.780
   0 207239.491
  -5 334553.445
 -10 115579.138
 -15   4574.512
 -20     72.923
 -25      0.999
 -30      0.000
 -35      0.000
 -40      0.000
 -45      0.000
 -50      0.000
