 150  57843.933
 145  59204.533
 140  58504.603
 135  60366.016
 130  61700.170
 125  61504.378
 120  63333.550
 115  63559.673
 110  64241.940
 105  65242.929
 100  65926.195
  95  67399.225
  90  68846.282
  85  69486.676
  80  70928.186
  75  73109.517
  70  73643.833
  65  75463.028
  60  77608.881
  55  80185.653
  50  82086.849
  45  84276.222
  40  87828.722
  35  93806.258
  30 100495.181
  25 108395.992
  20 119417.507
  15 134017.127
  10 153311.718
   5 181168.257
   0 241496.239
  -5 378520.378
 -10 178596.270
 -15  53987.085
 -20   3219.578
 -25    220.773
 -30     10.977
 -35      1.996
 -40      0.000
 -45      0.000
 -50      0.000
