 150  66654.480
 145  67778.342
 140  68239.403
 135  70479.838
 130  72629.350
 125  73183.072
 120  76073.981
 115  77291.988
 110  78508.603
 105  80034.043
 100  81186.724
  95  83842.536
  90  87110.507
  85  87551.069
  80  90369.579
  75  92518.210
  70  94216.717
  65  96313.655
  60  99295.754
  55 103206.402
  50 106079.718
  45 108748.760
  40 113520.920
  35 121164.463
  30 129527.433
  25 137018.623
  20 149999.600
  15 166064.484
  10 186762.895
   5 215960.099
   0 284436.381
  -5 444644.026
 -10 142528.818
 -15  26140.784
 -20   1973.904
 -25    117.876
 -30      1.996
 -35      3.992
 -40      0.000
 -45      0.998
 -50      0.000
