 150  73356.289
 145  73763.925
 140  74443.530
 135  76211.946
 130  77380.430
 125  77213.704
 120  79030.832
 115  79756.342
 110  81374.522
 105  81214.856
 100  81848.095
  95  83468.306
  90  86345.007
  85  86018.254
  80  87212.163
  75  89374.726
  70  90977.290
  65  92624.614
  60  94708.662
  55  98660.996
  50 100501.354
  45 102914.892
  40 108476.214
  35 116612.030
  30 125349.905
  25 135021.742
  20 150284.294
  15 173339.620
  10 209020.999
   5 272400.042
   0 402904.139
  -5 600135.317
 -10 188804.440
 -15  54202.584
 -20   4283.451
 -25    289.697
 -30     18.961
 -35      2.994
 -40      0.000
 -45      0.000
 -50      0.000
