 150  47766.746
 145  48902.576
 140  49029.264
 135  51116.320
 130  52197.013
 125  53041.885
 120  54216.260
 115  54982.948
 110  56016.782
 105  56645.220
 100  57728.999
  95  59355.905
  90  61856.771
  85  62331.475
  80  63769.042
  75  65952.281
  70  67242.781
  65  68700.285
  60  70534.528
  55  74280.901
  50  76127.199
  45  77681.898
  40  82079.670
  35  87711.000
  30  93708.055
  25  98582.404
  20 108596.151
  15 120613.617
  10 136323.900
   5 158008.291
   0 196688.511
  -5 274036.168
 -10 426247.782
 -15  60696.116
 -20   3213.587
 -25    210.780
 -30      2.994
 -35      0.000
 -40      0.000
 -45      0.998
 -50      0.998
