 150  51803.415
 145  56140.761
 140  58858.927
 135  62636.278
 130  65520.128
 125  67253.449
 120  68845.679
 115  69406.457
 110  70894.788
 105  71649.049
 100  71556.077
  95  72266.204
  90  74912.706
  85  74196.893
  80  75069.555
  75  76137.168
  70  76333.018
  65  77826.414
  60  78892.585
  55  80925.029
  50  81945.144
  45  82378.136
  40  85013.617
  35  90026.106
  30  94086.370
  25  98698.281
  20 107528.300
  15 119601.830
  10 138137.023
   5 170596.013
   0 251516.337
  -5 442398.176
 -10  62259.869
 -15   1896.068
 -20     41.955
 -25      0.999
 -30      0.000
 -35      0.000
 -40      0.000
 -45      0.000
 -50      0.000
