 150  73388.254
 145  74102.562
 140  73757.952
 135  75854.691
 130  77610.948
 125  77561.981
 120  78608.282
 115  79053.097
 110  80060.934
 105  79547.645
 100  80518.523
  95  81584.181
  90  83871.135
  85  83505.476
  80  84761.273
  75  86291.119
  70  87126.426
  65  88018.556
  60  89714.006
  55  92643.560
  50  93276.425
  45  95495.184
  40  99457.819
  35 106147.743
  30 113288.738
  25 120007.672
  20 132255.693
  15 147911.108
  10 170158.134
   5 210044.368
   0 299484.975
  -5 486174.950
 -10 147676.083
 -15  31436.800
 -20   2351.503
 -25    139.854
 -30      5.988
 -35      0.998
 -40      1.996
 -45      0.000
 -50      0.000
