 150  11901.230
 145  15424.450
 140  19167.228
 135  24400.053
 130  30740.183
 125  36245.790
 120  43076.167
 115  50263.018
 110  56956.771
 105  62004.407
 100  67469.538
  95  72794.262
  90  77885.543
  85  79199.424
  80  82433.127
  75  85125.535
  70  85747.907
  65  87839.748
  60  90135.645
  55  92769.298
  50  94774.301
  45  96655.792
  40  99485.761
  35 105416.156
  30 109815.999
  25 112608.635
  20 120724.101
  15 131023.233
  10 148902.962
   5 179658.389
   0 263068.975
  -5 475412.012
 -10 159130.668
 -15  12325.425
 -20    463.508
 -25     17.981
 -30      0.998
 -35      3.992
 -40      0.000
 -45      0.000
 -50      0.000
