 150  55762.167
 145  56416.521
 140  56787.167
 135  58723.386
 130  60014.689
 125  60126.178
 120  61729.258
 115  62885.461
 110  64381.790
 105  64898.299
 100  66008.041
  95  66903.380
  90  69777.421
  85  69867.815
  80  71340.256
  75  74117.355
  70  75256.100
  65  77249.112
  60  79901.505
  55  82776.081
  50  84476.781
  45  87655.255
  40  92303.670
  35  99787.840
  30 106690.431
  25 114494.521
  20 126171.240
  15 143469.909
  10 164625.542
   5 202603.800
   0 297127.894
  -5 493784.029
 -10 151699.953
 -15  38991.132
 -20   2596.243
 -25    156.835
 -30      7.983
 -35      0.000
 -40      0.000
 -45      0.000
 -50      0.000
