 150   1372.527
 145   1873.989
 140   2352.119
 135   3151.420
 130   4378.909
 125   5968.615
 120   8535.918
 115  11544.601
 110  15972.829
 105  21609.791
 100  28527.362
  95  37045.797
  90  47148.262
  85  55583.497
  80  64752.990
  75  72526.652
  70  77389.883
  65  81048.035
  60  84057.143
  55  86524.337
  50  87223.053
  45  87675.301
  40  90285.741
  35  93928.005
  30  96654.086
  25  97912.213
  20 102834.350
  15 111575.276
  10 123621.093
   5 142938.545
   0 185837.158
  -5 289772.926
 -10  58667.321
 -15    404.161
 -20      2.997
 -25      0.000
 -30      0.000
 -35      0.000
 -40      0.000
 -45      0.000
 -50      0.000
