 150  59631.016
 145  61464.110
 140  61614.151
 135  63943.550
 130  65509.217
 125  65563.889
 120  67245.384
 115  67596.401
 110  68088.805
 105  68403.603
 100  68984.910
  95  70085.833
  90  71573.628
  85  71155.140
  80  72471.896
  75  73906.791
  70  74940.514
  65  76078.368
  60  77382.201
  55  79599.796
  50  80447.187
  45  82436.099
  40  86300.961
  35  90576.055
  30  97860.505
  25 103375.319
  20 114182.140
  15 129713.779
  10 150881.882
   5 188572.900
   0 280171.283
  -5 483844.829
 -10 112254.979
 -15  11354.451
 -20    632.328
 -25     26.972
 -30      1.996
 -35      1.996
 -40      0.000
 -45      0.000
 -50      0.000
