 150  22217.161
 145  25840.299
 140  29596.587
 135  33860.300
 130  38028.596
 125  40825.247
 120  44246.877
 115  46550.005
 110  48094.299
 105  49289.064
 100  50972.205
  95  51969.100
  90  54792.470
  85  55222.248
  80  56561.070
  75  58605.511
  70  59717.803
  65  61778.711
  60  63633.912
  55  66497.088
  50  68289.548
  45  71107.377
  40  73788.847
  35  78568.891
  30  84169.779
  25  88341.270
  20  97366.234
  15 109414.723
  10 124835.589
   5 147841.377
   0 192069.152
  -5 301098.897
 -10  72577.708
 -15   2655.493
 -20     80.914
 -25      0.999
 -30      0.000
 -35      0.000
 -40      0.000
 -45      0.998
 -50      0.000
