 150  67653.408
 145  69761.216
 140  70836.015
 135  74034.490
 130  76164.968
 125  76698.773
 120  79237.612
 115  79931.154
 110  81836.026
 105  82545.429
 100  82206.710
  95  85304.529
  90  87679.241
  85  87788.575
  80  90102.137
  75  92067.145
  70  94099.937
  65  96036.952
  60  97836.315
  55 101658.737
  50 103798.476
  45 104881.839
  40 108216.749
  35 115776.763
  30 121685.450
  25 126757.510
  20 136645.969
  15 149761.108
  10 167412.795
   5 195424.689
   0 265719.444
  -5 408468.667
 -10 196770.047
 -15  41405.126
 -20   2417.433
 -25    110.884
 -30      3.992
 -35      2.994
 -40      0.000
 -45      0.000
 -50      0.000
