 150  65151.093
 145  68344.734
 140  69017.788
 135  72804.058
 130  75725.884
 125  77437.240
 120  79881.926
 115  81092.906
 110  83913.793
 105  84549.279
 100  86080.549
  95  89403.098
  90  93772.609
  85  93654.386
  80  96972.812
  75  99987.725
  70 101804.662
  65 103905.509
  60 107766.690
  55 111428.338
  50 113449.345
  45 115739.461
  40 120178.073
  35 127265.923
  30 134828.388
  25 140069.386
  20 151996.452
  15 166273.259
  10 185979.510
   5 222100.364
   0 305060.339
  -5 469079.747
 -10 180495.540
 -15  33209.124
 -20   2162.703
 -25    101.894
 -30      3.992
 -35      1.996
 -40      0.000
 -45      0.000
 -50      0.000
