 150  71831.924
 145  74174.485
 140  74556.296
 135  77523.132
 130  79256.512
 125  79611.726
 120  81857.821
 115  83090.761
 110  83874.835
 105  84785.940
 100  85534.051
  95  87106.821
  90  89883.761
  85  90143.681
  80  91973.236
  75  94830.417
  70  95646.180
  65  98215.615
  60  99513.521
  55 103829.101
  50 105234.481
  45 107481.373
  40 111497.093
  35 118016.997
  30 124717.332
  25 131326.662
  20 143007.124
  15 157948.258
  10 181545.653
   5 222805.901
   0 322298.363
  -5 502270.242
 -10 213907.991
 -15  51545.095
 -20   3528.253
 -25    213.776
 -30      9.979
 -35      0.998
 -40      0.000
 -45      0.000
 -50      0.998
