 150  14156.810
 145  17908.802
 140  21610.159
 135  26005.700
 130  31563.096
 125  36457.315
 120  41594.702
 115  45542.088
 110  50011.238
 105  53596.437
 100  56032.765
  95  58412.845
  90  61857.831
  85  62808.484
  80  64539.435
  75  67313.459
  70  68357.516
  65  70416.443
  60  73248.624
  55  75772.711
  50  77645.032
  45  79745.565
  40  83073.702
  35  88150.999
  30  92262.125
  25  96283.843
  20 103572.556
  15 113309.512
  10 126106.967
   5 147876.305
   0 201101.302
  -5 337878.806
 -10 144516.729
 -15   7865.687
 -20    220.766
 -25      3.996
 -30      0.000
 -35      0.000
 -40      0.000
 -45      0.000
 -50      0.000
