 150  54155.891
 145  54447.578
 140  54341.296
 135  56280.543
 130  57377.139
 125  57925.804
 120  59933.171
 115  60441.086
 110  61430.962
 105  62432.947
 100  63449.791
  95  65023.117
  90  67979.079
  85  68195.358
  80  69874.382
  75  72025.691
  70  73397.171
  65  75887.497
  60  78022.516
  55  81703.403
  50  83730.422
  45  86582.467
  40  90544.207
  35  96743.161
  30 103553.886
  25 111544.651
  20 123445.173
  15 138603.308
  10 159530.888
   5 192905.721
   0 271400.858
  -5 438753.811
 -10 109042.590
 -15  19308.953
 -20   1441.468
 -25     85.911
 -30      8.981
 -35      2.994
 -40      0.000
 -45      0.000
 -50      0.000
